PT    36
1     1           -13         -13
5
0.001 -1.003E+00 -3.852E-02 -3.852E-02 -1.003E+00 0.05013 0.001926 0.001926 0.05013
0.01 -9.966E-01 -1.023E-01 -1.023E-01 -9.966E-01 0.04983 0.005114 0.005114 0.04983
0.1 -1.117E+00 -7.178E-02 -7.178E-02 -1.117E+00 0.05585 0.003589 0.003589 0.05585
1 -9.870E-01 1.827E-03 1.827E-03 -9.870E-01 0.04935 9.999E+03 9.999E+03 0.04935
10 -1.029E+00 -9.928E-07 -9.928E-07 -1.029E+00 0.05147 9.999E+03 9.999E+03 0.05147
2     2           -13         -9
5
0.001 -1.027E+00 -3.484E-02 -3.968E-02 -9.942E-01 0.05135 0.001742 0.001984 0.04971
0.01 -1.061E+00 -9.152E-02 -1.044E-01 -9.740E-01 0.05303 0.004576 0.005218 0.0487
0.1 -1.211E+00 -6.521E-02 -7.788E-02 -1.135E+00 0.06056 0.00326 0.003894 0.05677
1 -9.814E-01 1.617E-03 2.112E-03 -9.843E-01 0.04907 9.999E+03 9.999E+03 0.04922
10 -1.029E+00 -1.025E-06 -1.459E-06 -1.029E+00 0.05147 9.999E+03 9.999E+03 0.05147
3     3           -13         -5
5
0.001 -1.057E+00 -2.284E-02 -2.971E-02 -9.863E-01 0.05284 0.001142 0.001486 0.04931
0.01 -1.137E+00 -5.934E-02 -7.721E-02 -9.529E-01 0.05686 0.002967 0.00386 0.04765
0.1 -1.312E+00 -4.069E-02 -5.792E-02 -1.149E+00 0.0656 0.002034 0.002896 0.05745
1 -9.760E-01 8.985E-04 1.548E-03 -9.821E-01 0.0488 9.999E+03 9.999E+03 0.04911
10 -1.029E+00 -2.330E-07 -4.903E-07 -1.029E+00 0.05147 9.999E+03 9.999E+03 0.05147
4     4           -13         5
5
0.001 -1.057E+00 2.284E-02 2.972E-02 -9.863E-01 0.05284 1.142E-03 1.486E-03 0.04931
0.01 -1.137E+00 5.934E-02 7.721E-02 -9.529E-01 0.05686 2.967E-03 3.860E-03 0.04765
0.1 -1.312E+00 4.069E-02 5.792E-02 -1.149E+00 0.0656 2.034E-03 2.896E-03 0.05745
1 -9.760E-01 -8.985E-04 -1.548E-03 -9.821E-01 0.0488 9.999E+03 9.999E+03 0.04911
10 -1.029E+00 2.330E-07 4.903E-07 -1.029E+00 0.05147 9.999E+03 9.999E+03 0.05147
5     5           -13         9
5
0.001 -1.027E+00 3.485E-02 3.969E-02 -9.942E-01 0.05135 1.742E-03 1.984E-03 0.04971
0.01 -1.061E+00 9.152E-02 1.044E-01 -9.740E-01 0.05303 4.576E-03 5.218E-03 0.0487
0.1 -1.211E+00 6.521E-02 7.788E-02 -1.135E+00 0.06056 3.260E-03 3.894E-03 0.05677
1 -9.814E-01 -1.617E-03 -2.112E-03 -9.843E-01 0.04907 9.999E+03 9.999E+03 0.04922
10 -1.029E+00 1.025E-06 1.459E-06 -1.029E+00 0.05147 9.999E+03 9.999E+03 0.05147
6     6           -13         13
5
0.001 -1.003E+00 3.853E-02 3.853E-02 -1.003E+00 0.05013 1.926E-03 1.926E-03 0.05013
0.01 -9.966E-01 1.023E-01 1.023E-01 -9.966E-01 0.04983 5.114E-03 5.114E-03 0.04983
0.1 -1.117E+00 7.178E-02 7.178E-02 -1.117E+00 0.05585 3.589E-03 3.589E-03 0.05585
1 -9.870E-01 -1.827E-03 -1.827E-03 -9.870E-01 0.04935 9.999E+03 9.999E+03 0.04935
10 -1.029E+00 9.928E-07 9.928E-07 -1.029E+00 0.05147 9.999E+03 9.999E+03 0.05147
7     7           -9          -13
5
0.001 -9.942E-01 -3.968E-02 -3.484E-02 -1.027E+00 0.04971 0.001984 0.001742 0.05135
0.01 -9.740E-01 -1.044E-01 -9.152E-02 -1.061E+00 0.0487 0.005218 0.004576 0.05303
0.1 -1.135E+00 -7.788E-02 -6.521E-02 -1.211E+00 0.05677 0.003894 0.00326 0.06056
1 -9.843E-01 2.112E-03 1.617E-03 -9.814E-01 0.04922 9.999E+03 9.999E+03 0.04907
10 -1.029E+00 -1.459E-06 -1.025E-06 -1.029E+00 0.05147 9.999E+03 9.999E+03 0.05147
8     8           -9          -9
5
0.001 -1.025E+00 -3.847E-02 -3.847E-02 -1.025E+00 0.05127 0.001924 0.001924 0.05127
0.01 -1.054E+00 -9.898E-02 -9.898E-02 -1.054E+00 0.05272 0.004949 0.004949 0.05272
0.1 -1.269E+00 -7.365E-02 -7.365E-02 -1.269E+00 0.06347 0.003682 0.003682 0.06347
1 -9.769E-01 1.812E-03 1.812E-03 -9.769E-01 0.04884 9.999E+03 9.999E+03 0.04884
10 -1.029E+00 -1.499E-06 -1.499E-06 -1.029E+00 0.05147 9.999E+03 9.999E+03 0.05147
9     9           -9          -5
5
0.001 -1.069E+00 -2.667E-02 -3.102E-02 -1.022E+00 0.05346 0.001333 0.001551 0.05108
0.01 -1.163E+00 -6.711E-02 -7.781E-02 -1.044E+00 0.05817 0.003356 0.003891 0.05218
0.1 -1.423E+00 -4.688E-02 -5.681E-02 -1.314E+00 0.07114 0.002344 0.00284 0.0657
1 -9.696E-01 9.593E-04 1.301E-03 -9.734E-01 0.04848 9.999E+03 9.999E+03 0.04867
10 -1.030E+00 -3.248E-07 -5.227E-07 -1.029E+00 0.05148 9.999E+03 9.999E+03 0.05147
10    10          -9          5
5
0.001 -1.069E+00 2.668E-02 3.102E-02 -1.022E+00 0.05346 1.334E-03 1.551E-03 0.05108
0.01 -1.163E+00 6.711E-02 7.781E-02 -1.044E+00 0.05817 3.356E-03 3.891E-03 0.05218
0.1 -1.423E+00 4.688E-02 5.681E-02 -1.314E+00 0.07114 2.344E-03 2.840E-03 0.0657
1 -9.696E-01 -9.593E-04 -1.301E-03 -9.734E-01 0.04848 9.999E+03 9.999E+03 0.04867
10 -1.030E+00 3.248E-07 5.227E-07 -1.029E+00 0.05148 9.999E+03 9.999E+03 0.05147
11    11          -9          9
5
0.001 -1.025E+00 3.848E-02 3.848E-02 -1.025E+00 0.05127 1.924E-03 1.924E-03 0.05127
0.01 -1.054E+00 9.898E-02 9.898E-02 -1.054E+00 0.05272 4.949E-03 4.949E-03 0.05272
0.1 -1.269E+00 7.365E-02 7.365E-02 -1.269E+00 0.06347 3.682E-03 3.682E-03 0.06347
1 -9.769E-01 -1.812E-03 -1.812E-03 -9.769E-01 0.04884 9.999E+03 9.999E+03 0.04884
10 -1.029E+00 1.499E-06 1.499E-06 -1.029E+00 0.05147 9.999E+03 9.999E+03 0.05147
12    12          -9          13
5
0.001 -9.942E-01 3.969E-02 3.485E-02 -1.027E+00 0.04971 1.984E-03 1.742E-03 0.05135
0.01 -9.740E-01 1.044E-01 9.152E-02 -1.061E+00 0.0487 5.218E-03 4.576E-03 0.05303
0.1 -1.135E+00 7.788E-02 6.521E-02 -1.211E+00 0.05677 3.894E-03 3.260E-03 0.06056
1 -9.843E-01 -2.112E-03 -1.617E-03 -9.814E-01 0.04922 9.999E+03 9.999E+03 0.04907
10 -1.029E+00 1.459E-06 1.025E-06 -1.029E+00 0.05147 9.999E+03 9.999E+03 0.05147
13    13          -5          -13
5
0.001 -9.862E-01 -2.971E-02 -2.284E-02 -1.057E+00 0.04931 0.001486 0.001142 0.05284
0.01 -9.529E-01 -7.721E-02 -5.934E-02 -1.137E+00 0.04765 0.00386 0.002967 0.05686
0.1 -1.149E+00 -5.792E-02 -4.069E-02 -1.312E+00 0.05745 0.002896 0.002034 0.0656
1 -9.821E-01 1.548E-03 8.985E-04 -9.760E-01 0.04911 9.999E+03 9.999E+03 0.0488
10 -1.029E+00 -4.903E-07 -2.330E-07 -1.029E+00 0.05147 9.999E+03 9.999E+03 0.05147
14    14          -5          -9
5
0.001 -1.022E+00 -3.102E-02 -2.667E-02 -1.069E+00 0.05108 0.001551 0.001333 0.05346
0.01 -1.044E+00 -7.781E-02 -6.711E-02 -1.163E+00 0.05218 0.003891 0.003356 0.05817
0.1 -1.314E+00 -5.681E-02 -4.688E-02 -1.423E+00 0.0657 0.00284 0.002344 0.07114
1 -9.734E-01 1.301E-03 9.593E-04 -9.696E-01 0.04867 9.999E+03 9.999E+03 0.04848
10 -1.029E+00 -5.227E-07 -3.248E-07 -1.030E+00 0.05147 9.999E+03 9.999E+03 0.05148
15    15          -5          -5
5
0.001 -1.077E+00 -2.301E-02 -2.301E-02 -1.077E+00 0.05387 0.001151 0.001151 0.05387
0.01 -1.180E+00 -5.566E-02 -5.566E-02 -1.180E+00 0.05901 0.002783 0.002783 0.05901
0.1 -1.513E+00 -3.710E-02 -3.710E-02 -1.513E+00 0.07564 0.001855 0.001855 0.07564
1 -9.649E-01 6.697E-04 6.697E-04 -9.649E-01 0.04824 9.999E+03 9.999E+03 0.04824
10 -1.030E+00 -1.207E-07 -1.207E-07 -1.030E+00 0.05148 9.999E+03 9.999E+03 0.05148
16    16          -5          5
5
0.001 -1.077E+00 2.302E-02 2.302E-02 -1.077E+00 0.05387 1.151E-03 1.151E-03 0.05387
0.01 -1.180E+00 5.566E-02 5.566E-02 -1.180E+00 0.05901 2.783E-03 2.783E-03 0.05901
0.1 -1.513E+00 3.710E-02 3.710E-02 -1.513E+00 0.07564 1.855E-03 1.855E-03 0.07564
1 -9.649E-01 -6.697E-04 -6.697E-04 -9.649E-01 0.04824 9.999E+03 9.999E+03 0.04824
10 -1.030E+00 1.207E-07 1.207E-07 -1.030E+00 0.05148 9.999E+03 9.999E+03 0.05148
17    17          -5          9
5
0.001 -1.022E+00 3.102E-02 2.667E-02 -1.069E+00 0.05108 1.551E-03 1.334E-03 0.05346
0.01 -1.044E+00 7.781E-02 6.711E-02 -1.163E+00 0.05218 3.891E-03 3.356E-03 0.05817
0.1 -1.314E+00 5.681E-02 4.688E-02 -1.423E+00 0.0657 2.840E-03 2.344E-03 0.07114
1 -9.734E-01 -1.301E-03 -9.593E-04 -9.696E-01 0.04867 9.999E+03 9.999E+03 0.04848
10 -1.029E+00 5.227E-07 3.248E-07 -1.030E+00 0.05147 9.999E+03 9.999E+03 0.05148
18    18          -5          13
5
0.001 -9.862E-01 2.972E-02 2.284E-02 -1.057E+00 0.04931 1.486E-03 1.142E-03 0.05284
0.01 -9.529E-01 7.721E-02 5.934E-02 -1.137E+00 0.04765 3.860E-03 2.967E-03 0.05686
0.1 -1.149E+00 5.792E-02 4.069E-02 -1.312E+00 0.05745 2.896E-03 2.034E-03 0.0656
1 -9.821E-01 -1.548E-03 -8.985E-04 -9.760E-01 0.04911 9.999E+03 9.999E+03 0.0488
10 -1.029E+00 4.903E-07 2.330E-07 -1.029E+00 0.05147 9.999E+03 9.999E+03 0.05147
19    19          5           -13
5
0.001 -9.862E-01 2.972E-02 2.285E-02 -1.057E+00 0.04931 1.486E-03 1.142E-03 0.05284
0.01 -9.529E-01 7.721E-02 5.934E-02 -1.137E+00 0.04765 3.860E-03 2.967E-03 0.05686
0.1 -1.149E+00 5.792E-02 4.069E-02 -1.312E+00 0.05745 2.896E-03 2.034E-03 0.0656
1 -9.821E-01 -1.548E-03 -8.985E-04 -9.760E-01 0.04911 9.999E+03 9.999E+03 0.0488
10 -1.029E+00 4.903E-07 2.330E-07 -1.029E+00 0.05147 9.999E+03 9.999E+03 0.05147
20    20          5           -9
5
0.001 -1.022E+00 3.102E-02 2.668E-02 -1.069E+00 0.05108 1.551E-03 1.334E-03 0.05346
0.01 -1.044E+00 7.781E-02 6.711E-02 -1.163E+00 0.05218 3.891E-03 3.356E-03 0.05817
0.1 -1.314E+00 5.681E-02 4.688E-02 -1.423E+00 0.0657 2.840E-03 2.344E-03 0.07114
1 -9.734E-01 -1.301E-03 -9.593E-04 -9.696E-01 0.04867 9.999E+03 9.999E+03 0.04848
10 -1.029E+00 5.227E-07 3.248E-07 -1.030E+00 0.05147 9.999E+03 9.999E+03 0.05148
21    21          5           -5
5
0.001 -1.077E+00 2.302E-02 2.302E-02 -1.077E+00 0.05387 1.151E-03 1.151E-03 0.05387
0.01 -1.180E+00 5.566E-02 5.566E-02 -1.180E+00 0.05901 2.783E-03 2.783E-03 0.05901
0.1 -1.513E+00 3.710E-02 3.710E-02 -1.513E+00 0.07564 1.855E-03 1.855E-03 0.07564
1 -9.649E-01 -6.697E-04 -6.697E-04 -9.649E-01 0.04824 9.999E+03 9.999E+03 0.04824
10 -1.030E+00 1.207E-07 1.207E-07 -1.030E+00 0.05148 9.999E+03 9.999E+03 0.05148
22    22          5           5
5
0.001 -1.077E+00 -2.302E-02 -2.301E-02 -1.077E+00 0.05387 0.001151 0.001151 0.05387
0.01 -1.180E+00 -5.566E-02 -5.566E-02 -1.180E+00 0.05901 0.002783 0.002783 0.05901
0.1 -1.513E+00 -3.710E-02 -3.710E-02 -1.513E+00 0.07564 0.001855 0.001855 0.07564
1 -9.649E-01 6.697E-04 6.697E-04 -9.649E-01 0.04824 9.999E+03 9.999E+03 0.04824
10 -1.030E+00 -1.207E-07 -1.207E-07 -1.030E+00 0.05148 9.999E+03 9.999E+03 0.05148
23    23          5           9
5
0.001 -1.022E+00 -3.102E-02 -2.667E-02 -1.069E+00 0.05108 0.001551 0.001333 0.05346
0.01 -1.044E+00 -7.781E-02 -6.711E-02 -1.163E+00 0.05218 0.003891 0.003356 0.05817
0.1 -1.314E+00 -5.681E-02 -4.688E-02 -1.423E+00 0.0657 0.00284 0.002344 0.07114
1 -9.734E-01 1.301E-03 9.593E-04 -9.696E-01 0.04867 9.999E+03 9.999E+03 0.04848
10 -1.029E+00 -5.227E-07 -3.248E-07 -1.030E+00 0.05147 9.999E+03 9.999E+03 0.05148
24    24          5           13
5
0.001 -9.862E-01 -2.971E-02 -2.284E-02 -1.057E+00 0.04931 0.001486 0.001142 0.05284
0.01 -9.529E-01 -7.721E-02 -5.934E-02 -1.137E+00 0.04765 0.00386 0.002967 0.05686
0.1 -1.149E+00 -5.792E-02 -4.069E-02 -1.312E+00 0.05745 0.002896 0.002034 0.0656
1 -9.821E-01 1.548E-03 8.985E-04 -9.760E-01 0.04911 9.999E+03 9.999E+03 0.0488
10 -1.029E+00 -4.903E-07 -2.330E-07 -1.029E+00 0.05147 9.999E+03 9.999E+03 0.05147
25    25          9           -13
5
0.001 -9.942E-01 3.968E-02 3.485E-02 -1.027E+00 0.04971 1.984E-03 1.742E-03 0.05135
0.01 -9.740E-01 1.044E-01 9.152E-02 -1.061E+00 0.0487 5.218E-03 4.576E-03 0.05303
0.1 -1.135E+00 7.788E-02 6.521E-02 -1.211E+00 0.05677 3.894E-03 3.260E-03 0.06056
1 -9.843E-01 -2.112E-03 -1.617E-03 -9.814E-01 0.04922 9.999E+03 9.999E+03 0.04907
10 -1.029E+00 1.459E-06 1.025E-06 -1.029E+00 0.05147 9.999E+03 9.999E+03 0.05147
26    26          9           -9
5
0.001 -1.025E+00 3.848E-02 3.848E-02 -1.025E+00 0.05127 1.924E-03 1.924E-03 0.05127
0.01 -1.054E+00 9.898E-02 9.898E-02 -1.054E+00 0.05272 4.949E-03 4.949E-03 0.05272
0.1 -1.269E+00 7.365E-02 7.365E-02 -1.269E+00 0.06347 3.682E-03 3.682E-03 0.06347
1 -9.769E-01 -1.812E-03 -1.812E-03 -9.769E-01 0.04884 9.999E+03 9.999E+03 0.04884
10 -1.029E+00 1.499E-06 1.499E-06 -1.029E+00 0.05147 9.999E+03 9.999E+03 0.05147
27    27          9           -5
5
0.001 -1.069E+00 2.667E-02 3.102E-02 -1.022E+00 0.05346 1.334E-03 1.551E-03 0.05108
0.01 -1.163E+00 6.711E-02 7.781E-02 -1.044E+00 0.05817 3.356E-03 3.891E-03 0.05218
0.1 -1.423E+00 4.688E-02 5.681E-02 -1.314E+00 0.07114 2.344E-03 2.840E-03 0.0657
1 -9.696E-01 -9.593E-04 -1.301E-03 -9.734E-01 0.04848 9.999E+03 9.999E+03 0.04867
10 -1.030E+00 3.248E-07 5.227E-07 -1.029E+00 0.05148 9.999E+03 9.999E+03 0.05147
28    28          9           5
5
0.001 -1.069E+00 -2.667E-02 -3.102E-02 -1.022E+00 0.05346 0.001334 0.001551 0.05108
0.01 -1.163E+00 -6.711E-02 -7.781E-02 -1.044E+00 0.05817 0.003356 0.003891 0.05218
0.1 -1.423E+00 -4.688E-02 -5.681E-02 -1.314E+00 0.07114 0.002344 0.00284 0.0657
1 -9.696E-01 9.593E-04 1.301E-03 -9.734E-01 0.04848 9.999E+03 9.999E+03 0.04867
10 -1.030E+00 -3.248E-07 -5.227E-07 -1.029E+00 0.05148 9.999E+03 9.999E+03 0.05147
29    29          9           9
5
0.001 -1.025E+00 -3.847E-02 -3.847E-02 -1.025E+00 0.05127 0.001924 0.001924 0.05127
0.01 -1.054E+00 -9.898E-02 -9.898E-02 -1.054E+00 0.05272 0.004949 0.004949 0.05272
0.1 -1.269E+00 -7.365E-02 -7.365E-02 -1.269E+00 0.06347 0.003682 0.003682 0.06347
1 -9.769E-01 1.812E-03 1.812E-03 -9.769E-01 0.04884 9.999E+03 9.999E+03 0.04884
10 -1.029E+00 -1.499E-06 -1.499E-06 -1.029E+00 0.05147 9.999E+03 9.999E+03 0.05147
30    30          9           13
5
0.001 -9.942E-01 -3.968E-02 -3.484E-02 -1.027E+00 0.04971 0.001984 0.001742 0.05135
0.01 -9.740E-01 -1.044E-01 -9.152E-02 -1.061E+00 0.0487 0.005218 0.004576 0.05303
0.1 -1.135E+00 -7.788E-02 -6.521E-02 -1.211E+00 0.05677 0.003894 0.00326 0.06056
1 -9.843E-01 2.112E-03 1.617E-03 -9.814E-01 0.04922 9.999E+03 9.999E+03 0.04907
10 -1.029E+00 -1.459E-06 -1.025E-06 -1.029E+00 0.05147 9.999E+03 9.999E+03 0.05147
31    31          13          -13
5
0.001 -1.003E+00 3.852E-02 3.853E-02 -1.003E+00 0.05013 1.926E-03 1.926E-03 0.05013
0.01 -9.966E-01 1.023E-01 1.023E-01 -9.966E-01 0.04983 5.114E-03 5.114E-03 0.04983
0.1 -1.117E+00 7.178E-02 7.178E-02 -1.117E+00 0.05585 3.589E-03 3.589E-03 0.05585
1 -9.870E-01 -1.827E-03 -1.827E-03 -9.870E-01 0.04935 9.999E+03 9.999E+03 0.04935
10 -1.029E+00 9.928E-07 9.928E-07 -1.029E+00 0.05147 9.999E+03 9.999E+03 0.05147
32    32          13          -9
5
0.001 -1.027E+00 3.484E-02 3.969E-02 -9.942E-01 0.05135 1.742E-03 1.984E-03 0.04971
0.01 -1.061E+00 9.152E-02 1.044E-01 -9.740E-01 0.05303 4.576E-03 5.218E-03 0.0487
0.1 -1.211E+00 6.521E-02 7.788E-02 -1.135E+00 0.06056 3.260E-03 3.894E-03 0.05677
1 -9.814E-01 -1.617E-03 -2.112E-03 -9.843E-01 0.04907 9.999E+03 9.999E+03 0.04922
10 -1.029E+00 1.025E-06 1.459E-06 -1.029E+00 0.05147 9.999E+03 9.999E+03 0.05147
33    33          13          -5
5
0.001 -1.057E+00 2.284E-02 2.972E-02 -9.863E-01 0.05284 1.142E-03 1.486E-03 0.04931
0.01 -1.137E+00 5.934E-02 7.721E-02 -9.529E-01 0.05686 2.967E-03 3.860E-03 0.04765
0.1 -1.312E+00 4.069E-02 5.792E-02 -1.149E+00 0.0656 2.034E-03 2.896E-03 0.05745
1 -9.760E-01 -8.985E-04 -1.548E-03 -9.821E-01 0.0488 9.999E+03 9.999E+03 0.04911
10 -1.029E+00 2.330E-07 4.903E-07 -1.029E+00 0.05147 9.999E+03 9.999E+03 0.05147
34    34          13          5
5
0.001 -1.057E+00 -2.284E-02 -2.971E-02 -9.863E-01 0.05284 0.001142 0.001486 0.04931
0.01 -1.137E+00 -5.934E-02 -7.721E-02 -9.529E-01 0.05686 0.002967 0.00386 0.04765
0.1 -1.312E+00 -4.069E-02 -5.792E-02 -1.149E+00 0.0656 0.002034 0.002896 0.05745
1 -9.760E-01 8.985E-04 1.548E-03 -9.821E-01 0.0488 9.999E+03 9.999E+03 0.04911
10 -1.029E+00 -2.330E-07 -4.903E-07 -1.029E+00 0.05147 9.999E+03 9.999E+03 0.05147
35    35          13          9
5
0.001 -1.027E+00 -3.484E-02 -3.968E-02 -9.942E-01 0.05135 0.001742 0.001984 0.04971
0.01 -1.061E+00 -9.152E-02 -1.044E-01 -9.740E-01 0.05303 0.004576 0.005218 0.0487
0.1 -1.211E+00 -6.521E-02 -7.788E-02 -1.135E+00 0.06056 0.00326 0.003894 0.05677
1 -9.814E-01 1.617E-03 2.112E-03 -9.843E-01 0.04907 9.999E+03 9.999E+03 0.04922
10 -1.029E+00 -1.025E-06 -1.459E-06 -1.029E+00 0.05147 9.999E+03 9.999E+03 0.05147
36    36          13          13
5
0.001 -1.003E+00 -3.852E-02 -3.852E-02 -1.003E+00 0.05013 0.001926 0.001926 0.05013
0.01 -9.966E-01 -1.023E-01 -1.023E-01 -9.966E-01 0.04983 0.005114 0.005114 0.04983
0.1 -1.117E+00 -7.178E-02 -7.178E-02 -1.117E+00 0.05585 0.003589 0.003589 0.05585
1 -9.870E-01 1.827E-03 1.827E-03 -9.870E-01 0.04935 9.999E+03 9.999E+03 0.04935
10 -1.029E+00 -9.928E-07 -9.928E-07 -1.029E+00 0.05147 9.999E+03 9.999E+03 0.05147
END
