   MT   64
    1    1     -17.000000     -17.000000
    5
   1.000000e-03  -5.056882e-05   3.757123e-05   6.327518e-04  -6.529088e-04  -6.880226e-04   6.390635e-04   7.775754e-05  -5.505975e-05   2.781145e-05   2.781145e-05   2.781145e-05   2.781145e-05   2.663318e-05   2.663318e-05   2.663318e-05   2.663318e-05
   1.000000e-02  -1.966183e-05   8.403660e-05   2.108492e-03  -1.985318e-03  -1.945508e-03   2.015039e-03   1.626978e-04   1.413990e-04   8.638896e-05   8.638896e-05   8.638896e-05   8.638896e-05   8.403309e-05   8.403309e-05   8.403309e-05   8.403309e-05
   1.000000e-01  -9.475526e-05   1.530961e-04   6.442922e-03  -6.408221e-03  -6.278877e-03   6.418230e-03  -2.464585e-05  -8.483142e-05   2.654768e-04   2.654768e-04   2.654768e-04   2.654768e-04   2.664787e-04   2.664787e-04   2.664787e-04   2.664787e-04
   1.000000e+00   9.443106e-04   9.052476e-05   1.928815e-02  -2.086018e-02  -2.140673e-02   1.953867e-02   2.804262e-04  -8.690434e-04   8.403762e-04   8.403762e-04   8.403762e-04   8.403762e-04   8.402718e-04   8.402718e-04   8.402718e-04   8.402718e-04
   1.000000e+01  -7.265167e-03  -2.909009e-03   6.322895e-02  -6.456374e-02  -6.011667e-02   6.712604e-02  -2.913456e-04  -2.534163e-04   2.685379e-03   2.685379e-03   2.685379e-03   2.685379e-03   2.685379e-03   2.685379e-03   2.685379e-03   2.685379e-03
    2    2     -17.000000     -13.000000
    5
   1.000000e-03   4.509078e-05  -1.788814e-05   6.647890e-04  -6.672780e-04  -6.114863e-04   5.686893e-04   9.596995e-05  -5.751744e-05   2.835086e-05   2.835086e-05   2.835086e-05   2.835086e-05   2.646693e-05   2.646693e-05   2.646693e-05   2.646693e-05
   1.000000e-02   7.112597e-05   1.033704e-04   2.120504e-03  -1.974186e-03  -2.021459e-03   1.960115e-03   1.020910e-04  -3.924228e-05   8.752354e-05   8.752354e-05   8.752354e-05   8.752354e-05   8.362499e-05   8.362499e-05   8.362499e-05   8.362499e-05
   1.000000e-01  -1.287112e-04  -1.897225e-04   6.817099e-03  -6.182824e-03  -6.487210e-03   6.176252e-03  -7.717069e-04   3.374567e-04   2.649051e-04   2.649051e-04   2.649051e-04   2.649051e-04   2.662738e-04   2.662738e-04   2.662738e-04   2.662738e-04
   1.000000e+00   1.549671e-05  -7.562312e-04   2.054283e-02  -1.896587e-02  -1.995855e-02   2.142359e-02   7.533892e-04   1.210277e-04   8.404812e-04   8.404812e-04   8.404812e-04   8.404812e-04   8.402913e-04   8.402913e-04   8.402913e-04   8.402913e-04
   1.000000e+01  -3.010547e-03  -6.671454e-03   6.309837e-02  -5.710350e-02  -6.345972e-02   5.973934e-02   3.242667e-03   4.617478e-03   2.685379e-03   2.685379e-03   2.685379e-03   2.685379e-03   2.685379e-03   2.685379e-03   2.685379e-03   2.685379e-03
    3    3     -17.000000      -9.000000
    5
   1.000000e-03   1.458580e-05   2.794542e-05   6.662940e-04  -6.830111e-04  -6.108188e-04   6.246207e-04  -1.089554e-05  -5.457160e-05   2.876470e-05   2.876470e-05   2.876470e-05   2.876470e-05   2.626513e-05   2.626513e-05   2.626513e-05   2.626513e-05
   1.000000e-02   4.207244e-05  -1.280265e-04   2.090365e-03  -2.073699e-03  -1.979521e-03   2.054486e-03   1.080384e-04  -6.929590e-05   8.837919e-05   8.837919e-05   8.837919e-05   8.837919e-05   8.317584e-05   8.317584e-05   8.317584e-05   8.317584e-05
   1.000000e-01   6.293673e-04  -3.719166e-04   6.437010e-03  -6.539067e-03  -6.254099e-03   6.511754e-03  -2.435680e-04  -1.018209e-04   2.642969e-04   2.642969e-04   2.642969e-04   2.642969e-04   2.662355e-04   2.662355e-04   2.662355e-04   2.662355e-04
   1.000000e+00  -3.781675e-04   1.338217e-03   2.003986e-02  -1.959841e-02  -1.960419e-02   1.949504e-02  -3.204925e-04   1.230875e-03   8.406178e-04   8.406178e-04   8.406178e-04   8.406178e-04   8.403065e-04   8.403065e-04   8.403065e-04   8.403065e-04
   1.000000e+01   9.186844e-04   1.720968e-03   6.418760e-02  -6.845891e-02  -5.952808e-02   6.301685e-02   4.127646e-03  -2.558494e-03   2.685379e-03   2.685379e-03   2.685379e-03   2.685379e-03   2.685379e-03   2.685379e-03   2.685379e-03   2.685379e-03
    4    4     -17.000000      -5.000000
    5
   1.000000e-03   1.973548e-05  -2.778242e-05   6.455735e-04  -6.311533e-04  -6.127077e-04   6.344371e-04   4.484276e-06   3.956765e-05   2.885947e-05   2.885947e-05   2.885947e-05   2.885947e-05   2.606290e-05   2.606290e-05   2.606290e-05   2.606290e-05
   1.000000e-02   1.663813e-04  -1.832452e-04   1.936434e-03  -2.233103e-03  -1.884396e-03   1.853552e-03  -1.135584e-04  -6.033803e-05   8.852722e-05   8.852722e-05   8.852722e-05   8.852722e-05   8.277333e-05   8.277333e-05   8.277333e-05   8.277333e-05
   1.000000e-01   3.784245e-04  -1.469690e-04   6.299321e-03  -5.905074e-03  -5.959128e-03   6.127480e-03  -2.034756e-04  -2.416117e-04   2.637246e-04   2.637246e-04   2.637246e-04   2.637246e-04   2.663961e-04   2.663961e-04   2.663961e-04   2.663961e-04
   1.000000e+00  -7.870423e-04   9.739996e-04   2.071894e-02  -2.008164e-02  -2.079976e-02   2.096705e-02   9.323324e-05   7.505438e-04   8.407332e-04   8.407332e-04   8.407332e-04   8.407332e-04   8.402912e-04   8.402912e-04   8.402912e-04   8.402912e-04
   1.000000e+01   8.704269e-04   3.321317e-03   6.382465e-02  -6.767831e-02  -6.269363e-02   6.360863e-02  -2.484187e-04  -2.098056e-03   2.685379e-03   2.685379e-03   2.685379e-03   2.685379e-03   2.685378e-03   2.685378e-03   2.685378e-03   2.685378e-03
    5    5     -17.000000       5.000000
    5
   1.000000e-03   2.806315e-05  -1.748551e-05   6.371471e-04  -6.572145e-04  -6.056597e-04   6.050337e-04  -5.017115e-05   4.208618e-05   2.773985e-05   2.773985e-05   2.773985e-05   2.773985e-05   2.580652e-05   2.580652e-05   2.580652e-05   2.580652e-05
   1.000000e-02   5.727297e-05  -7.991896e-07   2.000192e-03  -1.875635e-03  -1.885017e-03   1.825494e-03  -2.020192e-04   8.627698e-06   8.603685e-05   8.603685e-05   8.603685e-05   8.603685e-05   8.241845e-05   8.241845e-05   8.241845e-05   8.241845e-05
   1.000000e-01   3.849481e-04  -5.444349e-05   6.551938e-03  -6.149121e-03  -6.486037e-03   6.373908e-03  -2.329648e-04  -7.940966e-05   2.638070e-04   2.638070e-04   2.638070e-04   2.638070e-04   2.670194e-04   2.670194e-04   2.670194e-04   2.670194e-04
   1.000000e+00  -8.313218e-04   2.060778e-03   1.974604e-02  -2.125804e-02  -2.070095e-02   2.084926e-02  -2.625880e-04   4.250982e-05   8.406176e-04   8.406176e-04   8.406176e-04   8.406176e-04   8.403199e-04   8.403199e-04   8.403199e-04   8.403199e-04
   1.000000e+01   1.237932e-03   3.165493e-03   6.493765e-02  -6.190826e-02  -6.517175e-02   6.976528e-02   3.588130e-03   3.275227e-03   2.685379e-03   2.685379e-03   2.685379e-03   2.685379e-03   2.685378e-03   2.685378e-03   2.685378e-03   2.685378e-03
    6    6     -17.000000       9.000000
    5
   1.000000e-03   2.033528e-05  -2.187173e-05   6.110604e-04  -6.606410e-04  -6.765531e-04   6.216968e-04  -7.452335e-05   3.332263e-05   2.705831e-05   2.705831e-05   2.705831e-05   2.705831e-05   2.587090e-05   2.587090e-05   2.587090e-05   2.587090e-05
   1.000000e-02   2.505668e-05  -6.726389e-05   1.858433e-03  -2.053971e-03  -1.819748e-03   2.177075e-03  -2.833196e-04   3.955346e-06   8.459633e-05   8.459633e-05   8.459633e-05   8.459633e-05   8.263664e-05   8.263664e-05   8.263664e-05   8.263664e-05
   1.000000e-01   6.751411e-04  -8.310010e-05   6.148124e-03  -6.076369e-03  -5.998156e-03   6.148718e-03  -8.658707e-04  -4.237017e-05   2.645236e-04   2.645236e-04   2.645236e-04   2.645236e-04   2.671755e-04   2.671755e-04   2.671755e-04   2.671755e-04
   1.000000e+00  -1.342290e-03   1.164279e-03   1.968044e-02  -2.003212e-02  -1.988469e-02   2.041044e-02  -7.213982e-04  -7.287497e-05   8.404637e-04   8.404637e-04   8.404637e-04   8.404637e-04   8.403335e-04   8.403335e-04   8.403335e-04   8.403335e-04
   1.000000e+01  -2.787649e-03   2.988710e-03   6.492737e-02  -6.324919e-02  -6.324431e-02   6.212033e-02  -5.245764e-04   1.342369e-03   2.685379e-03   2.685379e-03   2.685379e-03   2.685379e-03   2.685379e-03   2.685379e-03   2.685379e-03   2.685379e-03
    7    7     -17.000000      13.000000
    5
   1.000000e-03   5.211734e-05  -1.386294e-05   6.394361e-04  -5.989869e-04  -6.189107e-04   6.394058e-04  -9.345845e-05   5.702399e-05   2.646969e-05   2.646969e-05   2.646969e-05   2.646969e-05   2.601198e-05   2.601198e-05   2.601198e-05   2.601198e-05
   1.000000e-02   1.841604e-04  -1.121941e-04   2.008421e-03  -2.168554e-03  -1.982514e-03   2.037554e-03  -6.257360e-05   1.096507e-04   8.339342e-05   8.339342e-05   8.339342e-05   8.339342e-05   8.300578e-05   8.300578e-05   8.300578e-05   8.300578e-05
   1.000000e-01   7.784596e-04  -1.663788e-04   6.050963e-03  -6.518451e-03  -6.149953e-03   6.000780e-03  -1.642863e-05  -4.351753e-04   2.654237e-04   2.654237e-04   2.654237e-04   2.654237e-04   2.672745e-04   2.672745e-04   2.672745e-04   2.672745e-04
   1.000000e+00   3.890559e-05  -2.291364e-04   1.950963e-02  -2.115588e-02  -2.030689e-02   1.953789e-02   8.179485e-05  -1.313651e-04   8.403029e-04   8.403029e-04   8.403029e-04   8.403029e-04   8.403185e-04   8.403185e-04   8.403185e-04   8.403185e-04
   1.000000e+01   2.832073e-03  -4.193088e-04   6.045462e-02  -6.184758e-02  -6.330519e-02   6.489280e-02  -6.143513e-04  -6.284130e-03   2.685379e-03   2.685379e-03   2.685379e-03   2.685379e-03   2.685379e-03   2.685379e-03   2.685379e-03   2.685379e-03
    8    8     -17.000000      17.000000
    5
   1.000000e-03  -6.547970e-06  -3.313641e-05   6.032608e-04  -5.850673e-04  -6.323461e-04   6.193115e-04  -4.743632e-05   3.728463e-05   2.609410e-05   2.609410e-05   2.609410e-05   2.609410e-05   2.619357e-05   2.619357e-05   2.619357e-05   2.619357e-05
   1.000000e-02   4.936562e-05  -1.344228e-04   2.086707e-03  -2.033183e-03  -2.013770e-03   1.917890e-03  -9.265552e-05   7.140881e-06   8.268435e-05   8.268435e-05   8.268435e-05   8.268435e-05   8.344209e-05   8.344209e-05   8.344209e-05   8.344209e-05
   1.000000e-01   1.170863e-04   1.456534e-04   6.659633e-03  -6.534838e-03  -6.122133e-03   6.666194e-03  -2.274402e-04   2.085122e-04   2.663184e-04   2.663184e-04   2.663184e-04   2.663184e-04   2.672708e-04   2.672708e-04   2.672708e-04   2.672708e-04
   1.000000e+00  -4.571326e-04   7.019719e-04   1.908490e-02  -1.956617e-02  -2.059403e-02   2.071397e-02  -3.695721e-04   1.063100e-03   8.401942e-04   8.401942e-04   8.401942e-04   8.401942e-04   8.403029e-04   8.403029e-04   8.403029e-04   8.403029e-04
   1.000000e+01  -5.565665e-03  -4.363250e-03   6.067655e-02  -6.434113e-02  -6.149916e-02   6.016813e-02  -6.374993e-04  -9.236281e-04   2.685379e-03   2.685379e-03   2.685379e-03   2.685379e-03   2.685379e-03   2.685379e-03   2.685379e-03   2.685379e-03
    9    9     -13.000000     -17.000000
    5
   1.000000e-03  -1.233279e-05  -1.448602e-05   6.477211e-04  -5.780780e-04  -6.491366e-04   6.279988e-04   2.150616e-05  -1.191383e-05   2.719052e-05   2.719052e-05   2.719052e-05   2.719052e-05   2.647984e-05   2.647984e-05   2.647984e-05   2.647984e-05
   1.000000e-02   6.652921e-05  -5.528259e-05   1.922597e-03  -2.024667e-03  -2.047323e-03   1.839922e-03   1.576455e-04  -2.713788e-05   8.492156e-05   8.492156e-05   8.492156e-05   8.492156e-05   8.362078e-05   8.362078e-05   8.362078e-05   8.362078e-05
   1.000000e-01   2.403753e-04   2.871982e-04   6.149269e-03  -6.176360e-03  -6.238412e-03   6.051654e-03   7.419953e-05   2.404197e-04   2.651544e-04   2.651544e-04   2.651544e-04   2.651544e-04   2.661795e-04   2.661795e-04   2.661795e-04   2.661795e-04
   1.000000e+00  -1.066716e-04   1.001221e-03   2.014150e-02  -2.070302e-02  -1.977388e-02   1.880377e-02   1.039098e-03   6.910967e-05   8.404888e-04   8.404888e-04   8.404888e-04   8.404888e-04   8.402719e-04   8.402719e-04   8.402719e-04   8.402719e-04
   1.000000e+01   3.193429e-03  -1.570705e-03   6.153795e-02  -6.552486e-02  -6.304882e-02   6.217679e-02   2.185311e-03   1.000840e-03   2.685379e-03   2.685379e-03   2.685379e-03   2.685379e-03   2.685379e-03   2.685379e-03   2.685379e-03   2.685379e-03
   10   10     -13.000000     -13.000000
    5
   1.000000e-03   2.691821e-05  -2.727402e-05   6.744642e-04  -6.149979e-04  -6.125351e-04   6.411470e-04   4.685721e-05  -2.437010e-05   2.760150e-05   2.760150e-05   2.760150e-05   2.760150e-05   2.621833e-05   2.621833e-05   2.621833e-05   2.621833e-05
   1.000000e-02  -2.634997e-05  -7.080958e-05   2.143086e-03  -1.864695e-03  -1.959768e-03   1.929688e-03   6.155282e-05   7.831298e-06   8.568640e-05   8.568640e-05   8.568640e-05   8.568640e-05   8.294621e-05   8.294621e-05   8.294621e-05   8.294621e-05
   1.000000e-01   3.858410e-04  -5.730035e-05   6.346497e-03  -5.859518e-03  -6.366500e-03   6.778742e-03  -4.406257e-05   3.171308e-04   2.639977e-04   2.639977e-04   2.639977e-04   2.639977e-04   2.656540e-04   2.656540e-04   2.656540e-04   2.656540e-04
   1.000000e+00  -4.962075e-04  -7.311548e-04   2.050250e-02  -2.009383e-02  -2.046932e-02   2.015724e-02   1.723820e-04   8.042830e-04   8.409308e-04   8.409308e-04   8.409308e-04   8.409308e-04   8.403927e-04   8.403927e-04   8.403927e-04   8.403927e-04
   1.000000e+01   1.024560e-03   1.797449e-03   5.932117e-02  -6.425930e-02  -6.500358e-02   6.636057e-02   2.187342e-03  -1.374367e-03   2.685376e-03   2.685376e-03   2.685376e-03   2.685376e-03   2.685378e-03   2.685378e-03   2.685378e-03   2.685378e-03
   11   11     -13.000000      -9.000000
    5
   1.000000e-03   3.175225e-05  -4.950396e-05   6.471825e-04  -6.673424e-04  -6.292912e-04   6.216836e-04   2.921451e-05  -1.625690e-05   2.785264e-05   2.785264e-05   2.785264e-05   2.785264e-05   2.596537e-05   2.596537e-05   2.596537e-05   2.596537e-05
   1.000000e-02   8.970332e-05  -1.778944e-04   2.037668e-03  -2.025833e-03  -1.952804e-03   1.900768e-03   1.453677e-04   3.782507e-05   8.606664e-05   8.606664e-05   8.606664e-05   8.606664e-05   8.235327e-05   8.235327e-05   8.235327e-05   8.235327e-05
   1.000000e-01   3.110502e-04   2.010141e-04   6.724512e-03  -6.048657e-03  -6.454259e-03   6.582522e-03   1.052757e-04   1.648678e-04   2.625530e-04   2.625530e-04   2.625530e-04   2.625530e-04   2.654366e-04   2.654366e-04   2.654366e-04   2.654366e-04
   1.000000e+00  -2.669699e-04   8.256676e-06   2.006473e-02  -2.169406e-02  -1.754326e-02   2.064468e-02   8.080627e-04   3.426685e-04   8.415977e-04   8.415977e-04   8.415977e-04   8.415977e-04   8.404625e-04   8.404625e-04   8.404625e-04   8.404625e-04
   1.000000e+01  -2.794941e-03  -2.213607e-03   6.603795e-02  -6.829244e-02  -6.473009e-02   7.088807e-02  -4.071744e-03   3.132768e-03   2.685370e-03   2.685370e-03   2.685370e-03   2.685370e-03   2.685375e-03   2.685375e-03   2.685375e-03   2.685375e-03
   12   12     -13.000000      -5.000000
    5
   1.000000e-03   3.999443e-07  -6.312054e-05   7.055671e-04  -6.135039e-04  -5.893348e-04   6.171516e-04  -1.573897e-05   1.294732e-05   2.775740e-05   2.775740e-05   2.775740e-05   2.775740e-05   2.578952e-05   2.578952e-05   2.578952e-05   2.578952e-05
   1.000000e-02   6.192550e-05  -1.060716e-04   2.027480e-03  -1.943836e-03  -1.809343e-03   1.978929e-03   5.918694e-05   2.895727e-05   8.568168e-05   8.568168e-05   8.568168e-05   8.568168e-05   8.201919e-05   8.201919e-05   8.201919e-05   8.201919e-05
   1.000000e-01   3.934440e-04  -2.369686e-04   5.907798e-03  -6.465551e-03  -6.470171e-03   6.815626e-03  -1.933072e-04  -8.143308e-05   2.611413e-04   2.611413e-04   2.611413e-04   2.611413e-04   2.656335e-04   2.656335e-04   2.656335e-04   2.656335e-04
   1.000000e+00   3.364712e-04  -3.568544e-04   1.958882e-02  -1.977295e-02  -2.016818e-02   1.978699e-02  -7.798460e-04   1.068657e-03   8.422049e-04   8.422049e-04   8.422049e-04   8.422049e-04   8.404046e-04   8.404046e-04   8.404046e-04   8.404046e-04
   1.000000e+01   2.097496e-03   2.430128e-03   6.066761e-02  -6.187424e-02  -6.267336e-02   6.649304e-02   2.770006e-03  -2.277291e-03   2.685365e-03   2.685365e-03   2.685365e-03   2.685365e-03   2.685374e-03   2.685374e-03   2.685374e-03   2.685374e-03
   13   13     -13.000000       5.000000
    5
   1.000000e-03   2.251152e-05  -6.579607e-05   6.403918e-04  -6.050239e-04  -5.798501e-04   6.680697e-04  -1.426299e-04   5.599986e-05   2.646170e-05   2.646170e-05   2.646170e-05   2.646170e-05   2.579612e-05   2.579612e-05   2.579612e-05   2.579612e-05
   1.000000e-02   1.604499e-04  -2.088910e-04   2.020273e-03  -2.006420e-03  -2.046297e-03   2.049606e-03  -2.667564e-04   1.567834e-04   8.275980e-05   8.275980e-05   8.275980e-05   8.275980e-05   8.234207e-05   8.234207e-05   8.234207e-05   8.234207e-05
   1.000000e-01   3.251296e-04   1.550468e-04   6.138193e-03  -6.264157e-03  -6.398973e-03   6.847382e-03  -4.550295e-04  -5.625896e-05   2.608978e-04   2.608978e-04   2.608978e-04   2.608978e-04   2.666321e-04   2.666321e-04   2.666321e-04   2.666321e-04
   1.000000e+00   1.350706e-03  -6.150359e-04   2.085443e-02  -1.914271e-02  -2.074091e-02   2.040074e-02  -3.316053e-04  -1.991467e-04   8.421704e-04   8.421704e-04   8.421704e-04   8.421704e-04   8.403971e-04   8.403971e-04   8.403971e-04   8.403971e-04
   1.000000e+01  -1.583195e-03   2.248122e-03   6.348956e-02  -6.468677e-02  -6.120410e-02   6.306434e-02  -2.251450e-03  -1.383048e-03   2.685366e-03   2.685366e-03   2.685366e-03   2.685366e-03   2.685374e-03   2.685374e-03   2.685374e-03   2.685374e-03
   14   14     -13.000000       9.000000
    5
   1.000000e-03   8.333953e-05  -4.496326e-05   5.885271e-04  -6.528558e-04  -6.065915e-04   5.448151e-04  -7.433234e-05   8.754050e-05   2.588627e-05   2.588627e-05   2.588627e-05   2.588627e-05   2.598634e-05   2.598634e-05   2.598634e-05   2.598634e-05
   1.000000e-02   1.025854e-04  -5.057786e-05   1.847703e-03  -1.909412e-03  -1.969479e-03   1.844291e-03  -2.187968e-04   1.410384e-04   8.163441e-05   8.163441e-05   8.163441e-05   8.163441e-05   8.287134e-05   8.287134e-05   8.287134e-05   8.287134e-05
   1.000000e-01   9.374127e-04  -1.603551e-04   5.418678e-03  -6.629223e-03  -6.505365e-03   6.259886e-03  -4.619056e-04  -2.940017e-04   2.622585e-04   2.622585e-04   2.622585e-04   2.622585e-04   2.669274e-04   2.669274e-04   2.669274e-04   2.669274e-04
   1.000000e+00  -2.015194e-04  -2.359944e-04   1.976219e-02  -1.839306e-02  -2.065931e-02   1.971796e-02   7.840434e-04   1.404926e-03   8.415795e-04   8.415795e-04   8.415795e-04   8.415795e-04   8.404006e-04   8.404006e-04   8.404006e-04   8.404006e-04
   1.000000e+01  -1.667148e-03  -2.893960e-04   5.827740e-02  -6.409725e-02  -6.009965e-02   6.581233e-02  -1.070991e-03   5.306431e-04   2.685370e-03   2.685370e-03   2.685370e-03   2.685370e-03   2.685375e-03   2.685375e-03   2.685375e-03   2.685375e-03
   15   15     -13.000000      13.000000
    5
   1.000000e-03   1.727839e-06  -6.515459e-05   6.286447e-04  -6.255731e-04  -6.168285e-04   6.725779e-04  -5.210417e-05   7.518422e-05   2.548244e-05   2.548244e-05   2.548244e-05   2.548244e-05   2.622560e-05   2.622560e-05   2.622560e-05   2.622560e-05
   1.000000e-02   8.721196e-05  -2.687066e-04   1.833260e-03  -1.924358e-03  -1.931643e-03   1.922134e-03  -1.084530e-04   1.394094e-04   8.094380e-05   8.094380e-05   8.094380e-05   8.094380e-05   8.347923e-05   8.347923e-05   8.347923e-05   8.347923e-05
   1.000000e-01   4.773862e-04   4.080074e-05   6.171313e-03  -6.830836e-03  -6.423824e-03   6.294284e-03  -2.412552e-04  -9.204798e-05   2.639835e-04   2.639835e-04   2.639835e-04   2.639835e-04   2.671396e-04   2.671396e-04   2.671396e-04   2.671396e-04
   1.000000e+00   2.629211e-04  -3.700030e-04   2.034642e-02  -1.904165e-02  -2.046643e-02   1.901136e-02   9.867984e-04  -1.617427e-04   8.408626e-04   8.408626e-04   8.408626e-04   8.408626e-04   8.403521e-04   8.403521e-04   8.403521e-04   8.403521e-04
   1.000000e+01   3.405974e-03   3.673569e-03   6.324568e-02  -5.936467e-02  -6.273753e-02   5.993202e-02   5.011024e-03   2.192743e-03   2.685377e-03   2.685377e-03   2.685377e-03   2.685377e-03   2.685378e-03   2.685378e-03   2.685378e-03   2.685378e-03
   16   16     -13.000000      17.000000
    5
   1.000000e-03   5.050511e-05  -2.045345e-05   6.444837e-04  -5.790218e-04  -6.273205e-04   6.218245e-04  -4.124043e-05   5.242726e-05   2.533495e-05   2.533495e-05   2.533495e-05   2.533495e-05   2.643505e-05   2.643505e-05   2.643505e-05   2.643505e-05
   1.000000e-02   1.572659e-04  -1.575068e-04   1.903875e-03  -2.014479e-03  -2.104054e-03   1.998787e-03  -8.561715e-05   6.860280e-05   8.083611e-05   8.083611e-05   8.083611e-05   8.083611e-05   8.397865e-05   8.397865e-05   8.397865e-05   8.397865e-05
   1.000000e-01   4.877997e-05  -1.357764e-04   6.307318e-03  -6.681078e-03  -6.452230e-03   6.441201e-03  -3.571881e-04  -5.395583e-05   2.655990e-04   2.655990e-04   2.655990e-04   2.655990e-04   2.671497e-04   2.671497e-04   2.671497e-04   2.671497e-04
   1.000000e+00  -9.667008e-04  -6.194051e-04   2.021997e-02  -1.943127e-02  -1.952855e-02   1.859994e-02  -7.444868e-04   9.329096e-04   8.403356e-04   8.403356e-04   8.403356e-04   8.403356e-04   8.403257e-04   8.403257e-04   8.403257e-04   8.403257e-04
   1.000000e+01  -1.470816e-03  -5.861242e-04   6.299961e-02  -6.654864e-02  -6.032227e-02   6.211299e-02  -4.055652e-04  -3.698806e-03   2.685379e-03   2.685379e-03   2.685379e-03   2.685379e-03   2.685379e-03   2.685379e-03   2.685379e-03   2.685379e-03
   17   17      -9.000000     -17.000000
    5
   1.000000e-03   6.655492e-05  -4.982795e-05   6.018834e-04  -6.353743e-04  -6.262593e-04   5.874227e-04   2.573839e-05  -4.534595e-05   2.614849e-05   2.614849e-05   2.614849e-05   2.614849e-05   2.615568e-05   2.615568e-05   2.615568e-05   2.615568e-05
   1.000000e-02   1.678829e-04  -4.471570e-05   1.873677e-03  -1.993413e-03  -1.938307e-03   2.074601e-03   1.877160e-04  -1.749158e-04   8.244986e-05   8.244986e-05   8.244986e-05   8.244986e-05   8.282350e-05   8.282350e-05   8.282350e-05   8.282350e-05
   1.000000e-01   2.469642e-04   1.814755e-04   6.514183e-03  -6.582304e-03  -5.872851e-03   6.168982e-03  -2.188465e-04   1.257262e-04   2.645438e-04   2.645438e-04   2.645438e-04   2.645438e-04   2.658386e-04   2.658386e-04   2.658386e-04   2.658386e-04
   1.000000e+00  -5.210602e-04  -1.819862e-04   2.066072e-02  -2.036477e-02  -2.056861e-02   1.993073e-02  -1.063285e-03   3.560828e-04   8.406899e-04   8.406899e-04   8.406899e-04   8.406899e-04   8.402960e-04   8.402960e-04   8.402960e-04   8.402960e-04
   1.000000e+01   4.158367e-03  -1.326535e-04   6.080847e-02  -6.429262e-02  -6.445275e-02   5.858689e-02  -4.092973e-03   5.870092e-03   2.685379e-03   2.685379e-03   2.685379e-03   2.685379e-03   2.685379e-03   2.685379e-03   2.685379e-03   2.685379e-03
   18   18      -9.000000     -13.000000
    5
   1.000000e-03   4.301203e-05  -7.988416e-05   6.506549e-04  -6.092232e-04  -6.072175e-04   5.927052e-04   8.293692e-05  -5.002413e-05   2.612651e-05   2.612651e-05   2.612651e-05   2.612651e-05   2.573125e-05   2.573125e-05   2.573125e-05   2.573125e-05
   1.000000e-02   1.525081e-04  -2.145957e-04   1.887074e-03  -1.997644e-03  -1.933444e-03   1.945616e-03  -5.018673e-05  -6.597635e-05   8.211128e-05   8.211128e-05   8.211128e-05   8.211128e-05   8.171357e-05   8.171357e-05   8.171357e-05   8.171357e-05
   1.000000e-01   2.613861e-04   3.126930e-04   5.986046e-03  -6.138633e-03  -6.410391e-03   6.190141e-03  -8.460928e-05  -4.404663e-05   2.624134e-04   2.624134e-04   2.624134e-04   2.624134e-04   2.648604e-04   2.648604e-04   2.648604e-04   2.648604e-04
   1.000000e+00  -8.364984e-04   7.090590e-04   1.916290e-02  -2.005119e-02  -1.926108e-02   1.975052e-02   1.439352e-04   5.422196e-04   8.417095e-04   8.417095e-04   8.417095e-04   8.417095e-04   8.405964e-04   8.405964e-04   8.405964e-04   8.405964e-04
   1.000000e+01   5.494652e-03   2.591376e-03   6.271038e-02  -6.242885e-02  -6.431091e-02   6.367442e-02  -4.335009e-03   9.788630e-05   2.685368e-03   2.685368e-03   2.685368e-03   2.685368e-03   2.685375e-03   2.685375e-03   2.685375e-03   2.685375e-03
   19   19      -9.000000      -9.000000
    5
   1.000000e-03   5.729247e-05  -2.882447e-05   6.429547e-04  -5.555689e-04  -5.630307e-04   5.839941e-04  -5.469838e-06  -1.211063e-05   2.592235e-05   2.592235e-05   2.592235e-05   2.592235e-05   2.542363e-05   2.542363e-05   2.542363e-05   2.542363e-05
   1.000000e-02   2.625563e-04  -7.067636e-05   1.988022e-03  -1.879310e-03  -1.878063e-03   1.916760e-03  -8.453786e-06   4.476365e-05   8.131568e-05   8.131568e-05   8.131568e-05   8.131568e-05   8.096004e-05   8.096004e-05   8.096004e-05   8.096004e-05
   1.000000e-01   8.063693e-04   1.162614e-04   5.845291e-03  -6.209408e-03  -5.895519e-03   6.451506e-03  -2.600487e-04   5.872351e-04   2.597357e-04   2.597357e-04   2.597357e-04   2.597357e-04   2.644035e-04   2.644035e-04   2.644035e-04   2.644035e-04
   1.000000e+00  -1.124566e-03   1.258075e-03   2.043342e-02  -1.879249e-02  -1.984471e-02   2.115868e-02   5.798800e-04  -2.496138e-04   8.432300e-04   8.432300e-04   8.432300e-04   8.432300e-04   8.407417e-04   8.407417e-04   8.407417e-04   8.407417e-04
   1.000000e+01   4.128030e-04  -1.484476e-03   6.455469e-02  -6.784377e-02  -6.265883e-02   7.146309e-02  -3.226791e-04   1.365775e-03   2.685340e-03   2.685340e-03   2.685340e-03   2.685340e-03   2.685367e-03   2.685367e-03   2.685367e-03   2.685367e-03
   20   20      -9.000000      -5.000000
    5
   1.000000e-03   3.956819e-05  -6.398242e-05   5.609485e-04  -6.005122e-04  -5.724529e-04   6.256779e-04  -2.220986e-05   4.362293e-06   2.549028e-05   2.549028e-05   2.549028e-05   2.549028e-05   2.534684e-05   2.534684e-05   2.534684e-05   2.534684e-05
   1.000000e-02   1.424043e-04  -2.277085e-04   1.942859e-03  -1.891116e-03  -1.875046e-03   2.121966e-03  -2.518719e-05  -1.358792e-05   8.005566e-05   8.005566e-05   8.005566e-05   8.005566e-05   8.086088e-05   8.086088e-05   8.086088e-05   8.086088e-05
   1.000000e-01   3.359615e-04   2.511640e-04   5.840753e-03  -6.538869e-03  -5.812374e-03   6.251704e-03  -4.280470e-04   1.170428e-04   2.573092e-04   2.573092e-04   2.573092e-04   2.573092e-04   2.646781e-04   2.646781e-04   2.646781e-04   2.646781e-04
   1.000000e+00   6.247411e-04   1.063475e-04   2.100418e-02  -2.147919e-02  -1.903296e-02   1.872958e-02   6.692297e-04  -6.254749e-04   8.445697e-04   8.445697e-04   8.445697e-04   8.445697e-04   8.405795e-04   8.405795e-04   8.405795e-04   8.405795e-04
   1.000000e+01  -2.117662e-03  -2.372709e-04   6.278539e-02  -6.577835e-02  -6.418390e-02   6.233502e-02  -1.943689e-03   3.066121e-03   2.685321e-03   2.685321e-03   2.685321e-03   2.685321e-03   2.685363e-03   2.685363e-03   2.685363e-03   2.685363e-03
   21   21      -9.000000       5.000000
    5
   1.000000e-03   1.159345e-04  -8.011760e-05   5.506356e-04  -5.990245e-04  -6.147579e-04   6.679208e-04  -1.077381e-04   8.035759e-05   2.435237e-05   2.435237e-05   2.435237e-05   2.435237e-05   2.593378e-05   2.593378e-05   2.593378e-05   2.593378e-05
   1.000000e-02   3.893620e-04  -2.155181e-04   1.818890e-03  -1.678501e-03  -2.052503e-03   1.859339e-03  -2.170609e-04   1.833120e-04   7.749870e-05   7.749870e-05   7.749870e-05   7.749870e-05   8.260115e-05   8.260115e-05   8.260115e-05   8.260115e-05
   1.000000e-01   5.783768e-04  -6.195577e-05   5.455208e-03  -5.989796e-03  -5.781026e-03   6.534763e-03  -4.459546e-04   9.770745e-05   2.570515e-04   2.570515e-04   2.570515e-04   2.570515e-04   2.662723e-04   2.662723e-04   2.662723e-04   2.662723e-04
   1.000000e+00  -8.464129e-04   5.692151e-04   2.047613e-02  -2.059719e-02  -1.920500e-02   2.008273e-02   5.899331e-05  -4.564147e-04   8.446088e-04   8.446088e-04   8.446088e-04   8.446088e-04   8.404215e-04   8.404215e-04   8.404215e-04   8.404215e-04
   1.000000e+01  -2.760919e-03  -3.866511e-04   6.506930e-02  -6.027765e-02  -6.174734e-02   6.490679e-02  -3.825063e-03  -1.049797e-03   2.685322e-03   2.685322e-03   2.685322e-03   2.685322e-03   2.685364e-03   2.685364e-03   2.685364e-03   2.685364e-03
   22   22      -9.000000       9.000000
    5
   1.000000e-03   4.529437e-05  -1.263341e-05   5.140101e-04  -5.556901e-04  -5.971073e-04   6.526903e-04  -1.369788e-04   1.109531e-04   2.419042e-05   2.419042e-05   2.419042e-05   2.419042e-05   2.633750e-05   2.633750e-05   2.633750e-05   2.633750e-05
   1.000000e-02   1.939922e-04  -1.890363e-04   1.721552e-03  -1.723492e-03  -2.008507e-03   1.987679e-03  -2.658672e-04   1.283541e-04   7.741602e-05   7.741602e-05   7.741602e-05   7.741602e-05   8.365006e-05   8.365006e-05   8.365006e-05   8.365006e-05
   1.000000e-01   6.151216e-04  -8.061015e-05   5.869304e-03  -6.588049e-03  -6.344911e-03   6.376459e-03   1.066904e-04   7.286807e-05   2.593625e-04   2.593625e-04   2.593625e-04   2.593625e-04   2.667795e-04   2.667795e-04   2.667795e-04   2.667795e-04
   1.000000e+00  -6.735657e-04  -1.237072e-04   2.017943e-02  -1.948457e-02  -2.088239e-02   2.044559e-02   9.373955e-04   4.451867e-04   8.433210e-04   8.433210e-04   8.433210e-04   8.433210e-04   8.404012e-04   8.404012e-04   8.404012e-04   8.404012e-04
   1.000000e+01   1.109049e-03   2.087701e-03   6.488087e-02  -6.413028e-02  -6.294535e-02   6.003001e-02  -5.915682e-06   4.625871e-03   2.685340e-03   2.685340e-03   2.685340e-03   2.685340e-03   2.685368e-03   2.685368e-03   2.685368e-03   2.685368e-03
   23   23      -9.000000      13.000000
    5
   1.000000e-03   7.898616e-05  -7.547377e-05   5.503596e-04  -5.925977e-04  -6.147010e-04   6.252435e-04  -3.397367e-05   1.953217e-05   2.426717e-05   2.426717e-05   2.426717e-05   2.426717e-05   2.669570e-05   2.669570e-05   2.669570e-05   2.669570e-05
   1.000000e-02   3.652233e-04  -3.257317e-05   1.860686e-03  -1.756887e-03  -1.992791e-03   2.032235e-03  -7.450871e-05   1.040821e-04   7.794113e-05   7.794113e-05   7.794113e-05   7.794113e-05   8.454772e-05   8.454772e-05   8.454772e-05   8.454772e-05
   1.000000e-01   2.316093e-04   8.995297e-05   5.324596e-03  -6.313223e-03  -6.387548e-03   5.762937e-03  -1.104993e-04  -8.589788e-05   2.622234e-04   2.622234e-04   2.622234e-04   2.622234e-04   2.671204e-04   2.671204e-04   2.671204e-04   2.671204e-04
   1.000000e+00   1.063569e-03   2.234947e-04   2.042060e-02  -2.056457e-02  -2.034544e-02   1.988638e-02  -9.445171e-04  -2.019391e-03   8.417407e-04   8.417407e-04   8.417407e-04   8.417407e-04   8.403278e-04   8.403278e-04   8.403278e-04   8.403278e-04
   1.000000e+01  -1.922703e-04   2.137069e-05   6.437627e-02  -6.430483e-02  -6.385587e-02   6.212634e-02   1.878950e-03   2.457481e-03   2.685368e-03   2.685368e-03   2.685368e-03   2.685368e-03   2.685376e-03   2.685376e-03   2.685376e-03   2.685376e-03
   24   24      -9.000000      17.000000
    5
   1.000000e-03   3.647298e-05  -4.162209e-07   5.896334e-04  -5.804705e-04  -6.371604e-04   6.269071e-04  -6.747858e-05   5.222220e-05   2.454185e-05   2.454185e-05   2.454185e-05   2.454185e-05   2.687309e-05   2.687309e-05   2.687309e-05   2.687309e-05
   1.000000e-02  -1.692304e-05   2.373931e-05   1.754146e-03  -1.883879e-03  -2.035602e-03   2.006397e-03   7.910790e-05   1.830831e-04   7.889461e-05   7.889461e-05   7.889461e-05   7.889461e-05   8.496710e-05   8.496710e-05   8.496710e-05   8.496710e-05
   1.000000e-01   3.426348e-04   4.046881e-04   5.896716e-03  -5.832983e-03  -6.255436e-03   6.094405e-03  -1.953235e-04  -3.345569e-04   2.647435e-04   2.647435e-04   2.647435e-04   2.647435e-04   2.670715e-04   2.670715e-04   2.670715e-04   2.670715e-04
   1.000000e+00   1.453837e-04  -4.130491e-04   1.932466e-02  -1.956780e-02  -2.144030e-02   1.967419e-02  -3.213741e-04  -1.645941e-03   8.405950e-04   8.405950e-04   8.405950e-04   8.405950e-04   8.403373e-04   8.403373e-04   8.403373e-04   8.403373e-04
   1.000000e+01   3.968475e-04  -3.235165e-03   6.465795e-02  -6.484362e-02  -5.777729e-02   6.630296e-02   1.834809e-04   1.156329e-03   2.685379e-03   2.685379e-03   2.685379e-03   2.685379e-03   2.685379e-03   2.685379e-03   2.685379e-03   2.685379e-03
   25   25      -5.000000     -17.000000
    5
   1.000000e-03  -2.808585e-05  -6.168420e-05   5.880783e-04  -5.513243e-04  -6.027621e-04   6.472613e-04   4.773839e-05  -7.708676e-05   2.492205e-05   2.492205e-05   2.492205e-05   2.492205e-05   2.569074e-05   2.569074e-05   2.569074e-05   2.569074e-05
   1.000000e-02  -2.313941e-06  -1.881812e-04   1.821800e-03  -1.842138e-03  -1.935076e-03   1.969414e-03   1.964348e-04  -2.465599e-05   7.954288e-05   7.954288e-05   7.954288e-05   7.954288e-05   8.172523e-05   8.172523e-05   8.172523e-05   8.172523e-05
   1.000000e-01   4.972096e-04   2.990385e-04   5.559545e-03  -6.048712e-03  -5.873017e-03   6.306321e-03  -1.920865e-04   2.976849e-04   2.638976e-04   2.638976e-04   2.638976e-04   2.638976e-04   2.655864e-04   2.655864e-04   2.655864e-04   2.655864e-04
   1.000000e+00  -6.532143e-04   1.051676e-03   2.040182e-02  -2.004714e-02  -1.930331e-02   1.981842e-02   9.361788e-04  -1.591111e-03   8.408495e-04   8.408495e-04   8.408495e-04   8.408495e-04   8.403096e-04   8.403096e-04   8.403096e-04   8.403096e-04
   1.000000e+01  -1.294423e-04  -3.965472e-04   6.124700e-02  -6.612016e-02  -6.425022e-02   6.435294e-02   2.238867e-04  -2.417861e-03   2.685379e-03   2.685379e-03   2.685379e-03   2.685379e-03   2.685379e-03   2.685379e-03   2.685379e-03   2.685379e-03
   26   26      -5.000000     -13.000000
    5
   1.000000e-03   1.036321e-04  -3.474278e-05   6.030290e-04  -5.564223e-04  -6.246403e-04   5.946505e-04   4.769365e-05  -6.908500e-05   2.437212e-05   2.437212e-05   2.437212e-05   2.437212e-05   2.506477e-05   2.506477e-05   2.506477e-05   2.506477e-05
   1.000000e-02   2.482102e-04  -1.855622e-04   1.882291e-03  -1.939765e-03  -1.855243e-03   1.844115e-03   1.098771e-04   2.634048e-05   7.788525e-05   7.788525e-05   7.788525e-05   7.788525e-05   8.009824e-05   8.009824e-05   8.009824e-05   8.009824e-05
   1.000000e-01   3.915406e-04   3.290028e-04   5.919203e-03  -6.518058e-03  -6.103377e-03   6.170759e-03  -4.360239e-04   2.599456e-04   2.607769e-04   2.607769e-04   2.607769e-04   2.607769e-04   2.641868e-04   2.641868e-04   2.641868e-04   2.641868e-04
   1.000000e+00  -2.329645e-03   2.637029e-03   2.086117e-02  -2.015324e-02  -2.077614e-02   1.883648e-02  -2.806398e-04   1.021339e-03   8.424245e-04   8.424245e-04   8.424245e-04   8.424245e-04   8.407788e-04   8.407788e-04   8.407788e-04   8.407788e-04
   1.000000e+01  -1.481758e-03  -4.694240e-03   6.094205e-02  -6.223176e-02  -6.412262e-02   6.305970e-02   4.506659e-04   7.620775e-04   2.685362e-03   2.685362e-03   2.685362e-03   2.685362e-03   2.685373e-03   2.685373e-03   2.685373e-03   2.685373e-03
   27   27      -5.000000      -9.000000
    5
   1.000000e-03   1.221262e-04  -6.319392e-05   5.732736e-04  -5.307030e-04  -5.416725e-04   6.121989e-04   1.468216e-05  -2.652379e-05   2.366759e-05   2.366759e-05   2.366759e-05   2.366759e-05   2.470835e-05   2.470835e-05   2.470835e-05   2.470835e-05
   1.000000e-02   1.417384e-04  -3.207102e-05   1.822278e-03  -1.800981e-03  -1.779074e-03   1.883095e-03   9.705333e-05   2.017618e-05   7.583305e-05   7.583305e-05   7.583305e-05   7.583305e-05   7.920212e-05   7.920212e-05   7.920212e-05   7.920212e-05
   1.000000e-01   4.448577e-04   5.280679e-05   5.341530e-03  -6.041665e-03  -6.581344e-03   5.997017e-03  -2.318076e-04   3.501666e-04   2.569605e-04   2.569605e-04   2.569605e-04   2.569605e-04   2.635225e-04   2.635225e-04   2.635225e-04   2.635225e-04
   1.000000e+00   3.183943e-04  -1.176524e-03   1.981189e-02  -1.947479e-02  -2.086427e-02   1.992636e-02   3.409897e-04  -3.741736e-05   8.447387e-04   8.447387e-04   8.447387e-04   8.447387e-04   8.409792e-04   8.409792e-04   8.409792e-04   8.409792e-04
   1.000000e+01  -3.649565e-03  -1.809475e-03   6.683737e-02  -6.178051e-02  -6.300955e-02   6.541657e-02   1.652669e-03  -3.598757e-03   2.685319e-03   2.685319e-03   2.685319e-03   2.685319e-03   2.685362e-03   2.685362e-03   2.685362e-03   2.685362e-03
   28   28      -5.000000      -5.000000
    5
   1.000000e-03   1.187453e-04  -2.233336e-05   5.206054e-04  -5.165885e-04  -5.689907e-04   5.791470e-04  -8.222486e-05   4.617521e-05   2.293517e-05   2.293517e-05   2.293517e-05   2.293517e-05   2.478086e-05   2.478086e-05   2.478086e-05   2.478086e-05
   1.000000e-02   3.889221e-04  -2.168977e-04   1.645024e-03  -1.714069e-03  -1.944723e-03   1.988300e-03  -8.061826e-05   6.310087e-05   7.381700e-05   7.381700e-05   7.381700e-05   7.381700e-05   7.944934e-05   7.944934e-05   7.944934e-05   7.944934e-05
   1.000000e-01   9.581592e-04   2.030382e-04   5.448443e-03  -6.662959e-03  -6.408910e-03   6.241713e-03  -6.378185e-04  -5.639595e-05   2.537092e-04   2.537092e-04   2.537092e-04   2.537092e-04   2.638898e-04   2.638898e-04   2.638898e-04   2.638898e-04
   1.000000e+00   5.835254e-04   2.849854e-03   1.870243e-02  -1.925266e-02  -2.020937e-02   1.913040e-02   1.734345e-03  -9.178352e-04   8.467271e-04   8.467271e-04   8.467271e-04   8.467271e-04   8.406895e-04   8.406895e-04   8.406895e-04   8.406895e-04
   1.000000e+01   3.897762e-04  -1.309418e-03   6.282921e-02  -6.737739e-02  -5.980307e-02   6.297847e-02   2.035952e-04  -2.845832e-04   2.685291e-03   2.685291e-03   2.685291e-03   2.685291e-03   2.685358e-03   2.685358e-03   2.685358e-03   2.685358e-03
   29   29      -5.000000       5.000000
    5
   1.000000e-03   6.636196e-05  -2.559957e-05   4.753741e-04  -5.267471e-04  -6.430893e-04   6.119970e-04  -5.312160e-05   1.028990e-04   2.217272e-05   2.217272e-05   2.217272e-05   2.217272e-05   2.620906e-05   2.620906e-05   2.620906e-05   2.620906e-05
   1.000000e-02   3.228161e-04  -2.179754e-04   1.631787e-03  -1.789391e-03  -2.004351e-03   1.994835e-03  -2.708528e-04   8.236843e-05   7.213994e-05   7.213994e-05   7.213994e-05   7.213994e-05   8.318293e-05   8.318293e-05   8.318293e-05   8.318293e-05
   1.000000e-01   5.121485e-04  -2.562953e-04   5.666022e-03  -6.076895e-03  -5.870138e-03   6.358354e-03  -5.528949e-04  -5.649798e-05   2.535732e-04   2.535732e-04   2.535732e-04   2.535732e-04   2.661065e-04   2.661065e-04   2.661065e-04   2.661065e-04
   1.000000e+00  -4.148038e-04  -3.130097e-04   2.198189e-02  -1.912581e-02  -2.021227e-02   1.813068e-02   1.043017e-03   1.332464e-03   8.467896e-04   8.467896e-04   8.467896e-04   8.467896e-04   8.403416e-04   8.403416e-04   8.403416e-04   8.403416e-04
   1.000000e+01   3.576671e-04   2.145099e-03   6.051664e-02  -6.658406e-02  -6.004541e-02   5.932742e-02   2.495526e-03   3.300268e-03   2.685292e-03   2.685292e-03   2.685292e-03   2.685292e-03   2.685358e-03   2.685358e-03   2.685358e-03   2.685358e-03
   30   30      -5.000000       9.000000
    5
   1.000000e-03   1.159580e-04  -9.300311e-05   5.411245e-04  -4.921864e-04  -5.547582e-04   6.859850e-04  -1.061181e-04   8.138793e-05   2.252070e-05   2.252070e-05   2.252070e-05   2.252070e-05   2.689982e-05   2.689982e-05   2.689982e-05   2.689982e-05
   1.000000e-02   3.245212e-04  -2.469281e-04   1.601701e-03  -1.716943e-03  -1.927619e-03   1.860643e-03  -4.326957e-04   2.520217e-04   7.329780e-05   7.329780e-05   7.329780e-05   7.329780e-05   8.491730e-05   8.491730e-05   8.491730e-05   8.491730e-05
   1.000000e-01   7.938460e-04   1.620132e-04   5.410871e-03  -6.305526e-03  -6.503225e-03   6.302116e-03  -5.732058e-04  -2.070115e-04   2.567403e-04   2.567403e-04   2.567403e-04   2.567403e-04   2.668178e-04   2.668178e-04   2.668178e-04   2.668178e-04
   1.000000e+00   7.795676e-04  -4.643803e-04   2.003529e-02  -1.898223e-02  -1.953093e-02   1.945276e-02  -1.005070e-04   3.861758e-04   8.448542e-04   8.448542e-04   8.448542e-04   8.448542e-04   8.403153e-04   8.403153e-04   8.403153e-04   8.403153e-04
   1.000000e+01  -3.157871e-03  -1.472923e-03   5.967281e-02  -6.659261e-02  -6.357094e-02   6.061055e-02  -6.305825e-03   3.281657e-03   2.685319e-03   2.685319e-03   2.685319e-03   2.685319e-03   2.685365e-03   2.685365e-03   2.685365e-03   2.685365e-03
   31   31      -5.000000      13.000000
    5
   1.000000e-03   6.076788e-05  -1.002359e-04   5.511797e-04  -5.447786e-04  -6.475654e-04   6.496538e-04  -3.794063e-05   9.736579e-05   2.315435e-05   2.315435e-05   2.315435e-05   2.315435e-05   2.738143e-05   2.738143e-05   2.738143e-05   2.738143e-05
   1.000000e-02   1.270183e-04   1.803796e-06   1.781109e-03  -1.880761e-03  -2.006565e-03   2.134590e-03  -4.158582e-04   1.311075e-04   7.519050e-05   7.519050e-05   7.519050e-05   7.519050e-05   8.611268e-05   8.611268e-05   8.611268e-05   8.611268e-05
   1.000000e-01   6.474380e-04  -1.773352e-05   5.714579e-03  -6.265501e-03  -5.793577e-03   5.941796e-03  -7.237893e-04  -4.090386e-04   2.606187e-04   2.606187e-04   2.606187e-04   2.606187e-04   2.672317e-04   2.672317e-04   2.672317e-04   2.672317e-04
   1.000000e+00  -7.361681e-05  -2.429558e-04   1.988878e-02  -1.845866e-02  -1.937669e-02   1.953524e-02  -5.822079e-04   1.780299e-03   8.424922e-04   8.424922e-04   8.424922e-04   8.424922e-04   8.402616e-04   8.402616e-04   8.402616e-04   8.402616e-04
   1.000000e+01  -2.064531e-03   4.527182e-04   6.283619e-02  -6.280778e-02  -5.970120e-02   7.062015e-02  -1.395660e-04  -6.789307e-03   2.685362e-03   2.685362e-03   2.685362e-03   2.685362e-03   2.685375e-03   2.685375e-03   2.685375e-03   2.685375e-03
   32   32      -5.000000      17.000000
    5
   1.000000e-03   6.438350e-05  -5.266731e-05   5.727406e-04  -5.827405e-04  -7.161415e-04   6.132282e-04  -2.409612e-05   3.016604e-05   2.388025e-05   2.388025e-05   2.388025e-05   2.388025e-05   2.746346e-05   2.746346e-05   2.746346e-05   2.746346e-05
   1.000000e-02   2.028688e-04  -1.091366e-04   1.770391e-03  -1.977290e-03  -2.097707e-03   2.014013e-03  -2.123772e-06  -7.172974e-05   7.725515e-05   7.725515e-05   7.725515e-05   7.725515e-05   8.630191e-05   8.630191e-05   8.630191e-05   8.630191e-05
   1.000000e-01  -3.684096e-05  -4.197185e-04   6.070467e-03  -6.544297e-03  -5.824868e-03   6.298652e-03  -9.696056e-05  -4.258352e-04   2.639337e-04   2.639337e-04   2.639337e-04   2.639337e-04   2.670335e-04   2.670335e-04   2.670335e-04   2.670335e-04
   1.000000e+00  -7.270162e-04   3.062521e-04   1.974915e-02  -1.937760e-02  -1.982357e-02   2.098191e-02   1.451828e-03  -3.173556e-04   8.408080e-04   8.408080e-04   8.408080e-04   8.408080e-04   8.403517e-04   8.403517e-04   8.403517e-04   8.403517e-04
   1.000000e+01   2.495508e-03  -2.880740e-03   5.973732e-02  -6.782609e-02  -6.377651e-02   6.159012e-02  -1.277513e-03  -1.507937e-04   2.685379e-03   2.685379e-03   2.685379e-03   2.685379e-03   2.685379e-03   2.685379e-03   2.685379e-03   2.685379e-03
   33   33       5.000000     -17.000000
    5
   1.000000e-03   3.186623e-05  -5.919288e-05   5.415069e-04  -5.526729e-04  -5.591877e-04   5.989733e-04   6.697787e-05  -1.092761e-05   2.342078e-05   2.342078e-05   2.342078e-05   2.342078e-05   2.462271e-05   2.462271e-05   2.462271e-05   2.462271e-05
   1.000000e-02   2.744066e-05  -6.447206e-05   1.776803e-03  -1.869388e-03  -1.827933e-03   2.034414e-03  -3.702633e-05  -9.841219e-05   7.605615e-05   7.605615e-05   7.605615e-05   7.605615e-05   7.935288e-05   7.935288e-05   7.935288e-05   7.935288e-05
   1.000000e-01   1.228999e-04   1.284638e-05   5.537259e-03  -6.348999e-03  -6.100376e-03   6.038071e-03  -1.616098e-05   1.928810e-04   2.638739e-04   2.638739e-04   2.638739e-04   2.638739e-04   2.659455e-04   2.659455e-04   2.659455e-04   2.659455e-04
   1.000000e+00   7.235424e-05  -2.485955e-04   1.893852e-02  -1.981878e-02  -1.891271e-02   1.874105e-02  -7.139503e-04   1.500219e-04   8.407171e-04   8.407171e-04   8.407171e-04   8.407171e-04   8.402301e-04   8.402301e-04   8.402301e-04   8.402301e-04
   1.000000e+01  -4.061471e-03  -6.090201e-03   6.276797e-02  -6.338492e-02  -5.961530e-02   6.041655e-02  -1.285559e-03  -9.550011e-04   2.685379e-03   2.685379e-03   2.685379e-03   2.685379e-03   2.685379e-03   2.685379e-03   2.685379e-03   2.685379e-03
   34   34       5.000000     -13.000000
    5
   1.000000e-03   4.021125e-05   7.852328e-06   5.251722e-04  -5.578300e-04  -5.384889e-04   5.804044e-04  -3.684419e-05  -4.413610e-06   2.246535e-05   2.246535e-05   2.246535e-05   2.246535e-05   2.368713e-05   2.368713e-05   2.368713e-05   2.368713e-05
   1.000000e-02   1.146303e-04  -1.613361e-04   1.746133e-03  -1.857082e-03  -1.736855e-03   1.797632e-03  -1.300517e-06  -3.399310e-05   7.339096e-05   7.339096e-05   7.339096e-05   7.339096e-05   7.698708e-05   7.698708e-05   7.698708e-05   7.698708e-05
   1.000000e-01   1.179768e-04  -1.455155e-04   5.780301e-03  -7.096437e-03  -6.060701e-03   6.016130e-03  -4.371199e-04  -3.550742e-04   2.601943e-04   2.601943e-04   2.601943e-04   2.601943e-04   2.643092e-04   2.643092e-04   2.643092e-04   2.643092e-04
   1.000000e+00   3.881785e-04   3.203566e-04   1.900007e-02  -2.000883e-02  -2.056521e-02   2.037098e-02  -2.704864e-05   5.640373e-05   8.424553e-04   8.424553e-04   8.424553e-04   8.424553e-04   8.407803e-04   8.407803e-04   8.407803e-04   8.407803e-04
   1.000000e+01  -2.057590e-03   2.629911e-04   6.456868e-02  -6.116203e-02  -5.637279e-02   6.386361e-02   2.216284e-03   7.373969e-03   2.685363e-03   2.685363e-03   2.685363e-03   2.685363e-03   2.685374e-03   2.685374e-03   2.685374e-03   2.685374e-03
   35   35       5.000000      -9.000000
    5
   1.000000e-03   4.296250e-05  -3.857767e-05   5.440228e-04  -5.115127e-04  -5.524213e-04   6.000002e-04  -3.790787e-05  -9.431463e-06   2.160834e-05   2.160834e-05   2.160834e-05   2.160834e-05   2.329693e-05   2.329693e-05   2.329693e-05   2.329693e-05
   1.000000e-02   4.279510e-05  -1.470555e-04   1.643431e-03  -1.828443e-03  -1.644350e-03   1.779106e-03  -9.210214e-05   6.094220e-05   7.093160e-05   7.093160e-05   7.093160e-05   7.093160e-05   7.599944e-05   7.599944e-05   7.599944e-05   7.599944e-05
   1.000000e-01   7.242881e-04   1.454866e-04   5.926477e-03  -6.712635e-03  -5.310935e-03   5.740576e-03  -4.454277e-04  -1.321384e-04   2.559154e-04   2.559154e-04   2.559154e-04   2.559154e-04   2.635655e-04   2.635655e-04   2.635655e-04   2.635655e-04
   1.000000e+00  -3.817335e-04  -2.665858e-03   2.100523e-02  -1.963416e-02  -1.856279e-02   2.044047e-02   7.055646e-04  -2.071233e-04   8.449616e-04   8.449616e-04   8.449616e-04   8.449616e-04   8.410131e-04   8.410131e-04   8.410131e-04   8.410131e-04
   1.000000e+01  -9.904659e-04   1.554311e-03   6.244656e-02  -6.742783e-02  -6.711767e-02   6.830609e-02   1.801109e-03  -3.060157e-03   2.685320e-03   2.685320e-03   2.685320e-03   2.685320e-03   2.685362e-03   2.685362e-03   2.685362e-03   2.685362e-03
   36   36       5.000000      -5.000000
    5
   1.000000e-03   3.063576e-05  -2.986241e-05   4.758251e-04  -5.129502e-04  -5.299768e-04   5.591754e-04  -8.631194e-05   4.714008e-05   2.109943e-05   2.109943e-05   2.109943e-05   2.109943e-05   2.365947e-05   2.365947e-05   2.365947e-05   2.365947e-05
   1.000000e-02   2.451128e-04  -7.074619e-05   1.718626e-03  -1.658774e-03  -1.789112e-03   1.913741e-03  -1.636185e-04   2.286985e-04   6.939149e-05   6.939149e-05   6.939149e-05   6.939149e-05   7.689673e-05   7.689673e-05   7.689673e-05   7.689673e-05
   1.000000e-01   5.292713e-04  -2.469277e-04   5.457494e-03  -6.667568e-03  -5.725979e-03   6.296415e-03  -8.079565e-04   2.938021e-05   2.524380e-04   2.524380e-04   2.524380e-04   2.524380e-04   2.640352e-04   2.640352e-04   2.640352e-04   2.640352e-04
   1.000000e+00  -1.263868e-03  -2.841807e-04   1.918102e-02  -2.021071e-02  -2.064478e-02   2.017741e-02   8.537806e-04   7.293135e-04   8.470445e-04   8.470445e-04   8.470445e-04   8.470445e-04   8.406689e-04   8.406689e-04   8.406689e-04   8.406689e-04
   1.000000e+01   1.947131e-03   3.455150e-03   6.303371e-02  -6.586014e-02  -6.005026e-02   6.442332e-02   3.756019e-03   1.036432e-03   2.685292e-03   2.685292e-03   2.685292e-03   2.685292e-03   2.685358e-03   2.685358e-03   2.685358e-03   2.685358e-03
   37   37       5.000000       5.000000
    5
   1.000000e-03   3.929681e-05  -9.948486e-05   5.132888e-04  -5.303787e-04  -6.349443e-04   5.977912e-04  -9.237829e-05   4.047003e-05   2.166560e-05   2.166560e-05   2.166560e-05   2.166560e-05   2.692730e-05   2.692730e-05   2.692730e-05   2.692730e-05
   1.000000e-02   1.339891e-04  -1.108010e-04   1.525309e-03  -1.676199e-03  -2.123404e-03   1.976337e-03  -2.303675e-04   2.632464e-04   7.067859e-05   7.067859e-05   7.067859e-05   7.067859e-05   8.479988e-05   8.479988e-05   8.479988e-05   8.479988e-05
   1.000000e-01   4.409028e-04  -4.426726e-05   5.481953e-03  -6.543428e-03  -6.972161e-03   6.530907e-03  -7.420671e-04  -3.708087e-04   2.520220e-04   2.520220e-04   2.520220e-04   2.520220e-04   2.667669e-04   2.667669e-04   2.667669e-04   2.667669e-04
   1.000000e+00  -1.609221e-04   2.756921e-04   2.082028e-02  -1.844623e-02  -1.973958e-02   2.113504e-02   2.350648e-03   3.942257e-04   8.470851e-04   8.470851e-04   8.470851e-04   8.470851e-04   8.402285e-04   8.402285e-04   8.402285e-04   8.402285e-04
   1.000000e+01   3.060475e-03  -9.065739e-05   6.093275e-02  -6.565840e-02  -6.570098e-02   6.350290e-02   2.360522e-03   1.354947e-03   2.685292e-03   2.685292e-03   2.685292e-03   2.685292e-03   2.685358e-03   2.685358e-03   2.685358e-03   2.685358e-03
   38   38       5.000000       9.000000
    5
   1.000000e-03   3.008831e-05  -1.552610e-05   4.987933e-04  -5.457789e-04  -6.914889e-04   6.658452e-04  -5.239220e-05   3.571802e-05   2.251912e-05   2.251912e-05   2.251912e-05   2.251912e-05   2.828276e-05   2.828276e-05   2.828276e-05   2.828276e-05
   1.000000e-02   1.410926e-04   1.671568e-05   1.682348e-03  -1.691415e-03  -2.131287e-03   2.119167e-03   2.206725e-06   2.416691e-04   7.301208e-05   7.301208e-05   7.301208e-05   7.301208e-05   8.805911e-05   8.805911e-05   8.805911e-05   8.805911e-05
   1.000000e-01   8.202081e-04  -3.676442e-05   5.443332e-03  -6.799524e-03  -5.853796e-03   6.310485e-03  -3.213919e-04   9.771391e-05   2.553831e-04   2.553831e-04   2.553831e-04   2.553831e-04   2.675629e-04   2.675629e-04   2.675629e-04   2.675629e-04
   1.000000e+00   9.765606e-05  -4.778239e-05   1.954261e-02  -2.007824e-02  -2.020481e-02   1.998351e-02  -7.099679e-04   8.284386e-05   8.450100e-04   8.450100e-04   8.450100e-04   8.450100e-04   8.402162e-04   8.402162e-04   8.402162e-04   8.402162e-04
   1.000000e+01  -7.633666e-04  -1.171582e-03   6.526287e-02  -6.465366e-02  -6.312804e-02   6.952292e-02  -3.893469e-03   1.138690e-03   2.685319e-03   2.685319e-03   2.685319e-03   2.685319e-03   2.685364e-03   2.685364e-03   2.685364e-03   2.685364e-03
   39   39       5.000000      13.000000
    5
   1.000000e-03   4.057381e-05  -3.839731e-05   4.847131e-04  -5.449706e-04  -6.704227e-04   6.736484e-04   4.095819e-05   1.526912e-05   2.349584e-05   2.349584e-05   2.349584e-05   2.349584e-05   2.898524e-05   2.898524e-05   2.898524e-05   2.898524e-05
   1.000000e-02   1.522682e-04  -6.307812e-05   1.737387e-03  -1.956079e-03  -2.165291e-03   2.114884e-03  -1.384712e-04  -6.742149e-05   7.573709e-05   7.573709e-05   7.573709e-05   7.573709e-05   8.975114e-05   8.975114e-05   8.975114e-05   8.975114e-05
   1.000000e-01   4.349130e-04   6.510325e-05   5.810991e-03  -6.328329e-03  -6.842935e-03   6.040098e-03  -2.936992e-04   3.063139e-04   2.595948e-04   2.595948e-04   2.595948e-04   2.595948e-04   2.677369e-04   2.677369e-04   2.677369e-04   2.677369e-04
   1.000000e+00   1.395974e-03   6.833404e-04   2.005237e-02  -1.867724e-02  -1.957556e-02   1.904676e-02   1.427858e-03  -3.177379e-04   8.425191e-04   8.425191e-04   8.425191e-04   8.425191e-04   8.402543e-04   8.402543e-04   8.402543e-04   8.402543e-04
   1.000000e+01   9.086050e-04  -2.382478e-03   6.151737e-02  -6.180760e-02  -6.412469e-02   6.019672e-02  -2.794788e-04  -4.002286e-03   2.685362e-03   2.685362e-03   2.685362e-03   2.685362e-03   2.685375e-03   2.685375e-03   2.685375e-03   2.685375e-03
   40   40       5.000000      17.000000
    5
   1.000000e-03   2.589152e-05  -2.985957e-05   5.713137e-04  -5.815290e-04  -6.603764e-04   6.626367e-04   4.647150e-06  -9.027281e-06   2.434463e-05   2.434463e-05   2.434463e-05   2.434463e-05   2.877146e-05   2.877146e-05   2.877146e-05   2.877146e-05
   1.000000e-02  -5.960961e-06   4.345495e-05   1.791505e-03  -2.010034e-03  -2.169161e-03   2.213340e-03   2.990026e-05   6.658070e-05   7.812850e-05   7.812850e-05   7.812850e-05   7.812850e-05   8.922074e-05   8.922074e-05   8.922074e-05   8.922074e-05
   1.000000e-01   4.817365e-04   1.874145e-05   5.745482e-03  -6.400129e-03  -6.121894e-03   6.210211e-03  -1.473681e-04   1.878321e-04   2.631807e-04   2.631807e-04   2.631807e-04   2.631807e-04   2.669727e-04   2.669727e-04   2.669727e-04   2.669727e-04
   1.000000e+00   6.879216e-05  -2.918226e-04   1.966722e-02  -1.945467e-02  -2.046042e-02   1.988107e-02   1.154457e-03  -3.058634e-04   8.407979e-04   8.407979e-04   8.407979e-04   8.407979e-04   8.404665e-04   8.404665e-04   8.404665e-04   8.404665e-04
   1.000000e+01   2.370687e-03  -2.922962e-03   6.449748e-02  -6.661042e-02  -6.382630e-02   6.752183e-02   3.386167e-03  -1.298746e-03   2.685379e-03   2.685379e-03   2.685379e-03   2.685379e-03   2.685378e-03   2.685378e-03   2.685378e-03   2.685378e-03
   41   41       9.000000     -17.000000
    5
   1.000000e-03  -2.991336e-05  -3.208496e-05   5.663495e-04  -6.303931e-04  -5.472440e-04   5.669246e-04   3.392752e-05   2.165191e-05   2.374633e-05   2.374633e-05   2.374633e-05   2.374633e-05   2.452266e-05   2.452266e-05   2.452266e-05   2.452266e-05
   1.000000e-02   6.913211e-05  -8.982375e-05   1.783123e-03  -1.874744e-03  -1.800764e-03   1.918177e-03  -4.651547e-05  -4.333841e-05   7.690266e-05   7.690266e-05   7.690266e-05   7.690266e-05   7.921960e-05   7.921960e-05   7.921960e-05   7.921960e-05
   1.000000e-01   3.519459e-04   2.769336e-04   6.011270e-03  -6.403572e-03  -6.110577e-03   6.359362e-03   1.271245e-04  -2.250232e-05   2.646399e-04   2.646399e-04   2.646399e-04   2.646399e-04   2.664874e-04   2.664874e-04   2.664874e-04   2.664874e-04
   1.000000e+00   4.022785e-04  -2.320481e-04   2.083107e-02  -2.040227e-02  -2.060153e-02   1.979658e-02   7.348541e-04  -7.990833e-04   8.404910e-04   8.404910e-04   8.404910e-04   8.404910e-04   8.401851e-04   8.401851e-04   8.401851e-04   8.401851e-04
   1.000000e+01  -2.620582e-03   2.763944e-03   6.154780e-02  -6.384833e-02  -6.249011e-02   6.684124e-02   6.263710e-04   5.395248e-04   2.685379e-03   2.685379e-03   2.685379e-03   2.685379e-03   2.685379e-03   2.685379e-03   2.685379e-03   2.685379e-03
   42   42       9.000000     -13.000000
    5
   1.000000e-03   2.342522e-05  -9.514545e-06   5.234117e-04  -5.352368e-04  -5.276244e-04   5.617517e-04   3.610095e-05  -1.370171e-05   2.305211e-05   2.305211e-05   2.305211e-05   2.305211e-05   2.366753e-05   2.366753e-05   2.366753e-05   2.366753e-05
   1.000000e-02   1.000191e-04  -5.965824e-05   1.658541e-03  -1.884174e-03  -1.751614e-03   1.851195e-03  -1.965573e-04   6.000588e-05   7.490002e-05   7.490002e-05   7.490002e-05   7.490002e-05   7.707360e-05   7.707360e-05   7.707360e-05   7.707360e-05
   1.000000e-01   3.941709e-04   2.376948e-04   6.328107e-03  -6.668612e-03  -5.836691e-03   6.990532e-03  -9.984999e-04   4.093028e-04   2.616208e-04   2.616208e-04   2.616208e-04   2.616208e-04   2.651515e-04   2.651515e-04   2.651515e-04   2.651515e-04
   1.000000e+00   2.966329e-04  -4.795226e-04   1.784222e-02  -1.923141e-02  -1.992870e-02   2.005354e-02   1.268092e-03  -9.593592e-04   8.417447e-04   8.417447e-04   8.417447e-04   8.417447e-04   8.406024e-04   8.406024e-04   8.406024e-04   8.406024e-04
   1.000000e+01  -2.281296e-03   5.464941e-04   5.685294e-02  -6.366530e-02  -6.222095e-02   6.468688e-02  -2.709613e-03   1.989192e-03   2.685368e-03   2.685368e-03   2.685368e-03   2.685368e-03   2.685376e-03   2.685376e-03   2.685376e-03   2.685376e-03
   43   43       9.000000      -9.000000
    5
   1.000000e-03   8.474061e-06   4.748038e-05   5.242799e-04  -5.569470e-04  -5.528112e-04   5.919477e-04  -8.569296e-05   4.310386e-05   2.255716e-05   2.255716e-05   2.255716e-05   2.255716e-05   2.334417e-05   2.334417e-05   2.334417e-05   2.334417e-05
   1.000000e-02   5.762459e-05  -5.210275e-05   1.727811e-03  -1.777828e-03  -1.699557e-03   1.886134e-03  -1.428031e-04   1.751885e-04   7.334128e-05   7.334128e-05   7.334128e-05   7.334128e-05   7.625511e-05   7.625511e-05   7.625511e-05   7.625511e-05
   1.000000e-01   1.820121e-04   1.064730e-04   6.192545e-03  -6.347176e-03  -5.513121e-03   6.315563e-03  -6.759779e-04  -2.413212e-04   2.581882e-04   2.581882e-04   2.581882e-04   2.581882e-04   2.645567e-04   2.645567e-04   2.645567e-04   2.645567e-04
   1.000000e+00  -1.111589e-04   9.909957e-04   2.028501e-02  -1.925901e-02  -1.989355e-02   1.916599e-02   6.433484e-04   3.667518e-04   8.435361e-04   8.435361e-04   8.435361e-04   8.435361e-04   8.407847e-04   8.407847e-04   8.407847e-04   8.407847e-04
   1.000000e+01   2.469177e-03   3.063863e-03   6.088196e-02  -6.297787e-02  -6.379664e-02   6.359695e-02   2.661880e-04   6.749081e-04   2.685339e-03   2.685339e-03   2.685339e-03   2.685339e-03   2.685367e-03   2.685367e-03   2.685367e-03   2.685367e-03
   44   44       9.000000      -5.000000
    5
   1.000000e-03  -2.256717e-06  -2.438353e-05   5.273229e-04  -5.434981e-04  -5.038333e-04   5.837933e-04  -6.800809e-05   6.220915e-05   2.245420e-05   2.245420e-05   2.245420e-05   2.245420e-05   2.372805e-05   2.372805e-05   2.372805e-05   2.372805e-05
   1.000000e-02  -2.066389e-05  -2.252027e-04   1.621201e-03  -1.695583e-03  -1.890519e-03   1.804913e-03  -2.829307e-04   6.574686e-05   7.277581e-05   7.277581e-05   7.277581e-05   7.277581e-05   7.718531e-05   7.718531e-05   7.718531e-05   7.718531e-05
   1.000000e-01   3.289430e-04   1.280310e-04   5.595040e-03  -6.135204e-03  -6.306698e-03   6.569874e-03  -3.478274e-04  -2.732335e-04   2.554164e-04   2.554164e-04   2.554164e-04   2.554164e-04   2.649536e-04   2.649536e-04   2.649536e-04   2.649536e-04
   1.000000e+00  -1.122591e-03   1.276391e-04   2.053309e-02  -2.038409e-02  -2.000166e-02   1.938934e-02   8.141857e-04   1.424161e-04   8.450044e-04   8.450044e-04   8.450044e-04   8.450044e-04   8.405375e-04   8.405375e-04   8.405375e-04   8.405375e-04
   1.000000e+01  -4.918829e-03   1.784292e-03   5.839621e-02  -6.531366e-02  -6.728049e-02   6.410178e-02  -3.512026e-04   2.001826e-03   2.685320e-03   2.685320e-03   2.685320e-03   2.685320e-03   2.685364e-03   2.685364e-03   2.685364e-03   2.685364e-03
   45   45       9.000000       5.000000
    5
   1.000000e-03  -1.766914e-05   4.507981e-05   5.580503e-04  -5.378069e-04  -6.415773e-04   6.543936e-04  -7.205645e-05   6.226154e-05   2.359577e-05   2.359577e-05   2.359577e-05   2.359577e-05   2.701141e-05   2.701141e-05   2.701141e-05   2.701141e-05
   1.000000e-02  -9.987232e-05  -1.083841e-04   1.641869e-03  -1.777909e-03  -2.015149e-03   1.999959e-03  -2.543629e-04   1.548586e-04   7.531987e-05   7.531987e-05   7.531987e-05   7.531987e-05   8.503066e-05   8.503066e-05   8.503066e-05   8.503066e-05
   1.000000e-01   3.580524e-04  -4.437313e-04   5.535365e-03  -6.379864e-03  -6.557001e-03   6.212734e-03  -3.357663e-04  -2.958467e-04   2.548717e-04   2.548717e-04   2.548717e-04   2.548717e-04   2.671643e-04   2.671643e-04   2.671643e-04   2.671643e-04
   1.000000e+00   9.085998e-04   1.042751e-03   2.043989e-02  -1.896323e-02  -1.932443e-02   1.939450e-02  -2.608872e-04   1.009782e-03   8.450456e-04   8.450456e-04   8.450456e-04   8.450456e-04   8.402740e-04   8.402740e-04   8.402740e-04   8.402740e-04
   1.000000e+01  -5.555189e-05   1.027218e-04   6.162633e-02  -6.169940e-02  -6.101694e-02   6.035899e-02  -3.584368e-03   5.291457e-04   2.685320e-03   2.685320e-03   2.685320e-03   2.685320e-03   2.685364e-03   2.685364e-03   2.685364e-03   2.685364e-03
   46   46       9.000000       9.000000
    5
   1.000000e-03  -2.533943e-05   2.973026e-05   5.677663e-04  -6.000756e-04  -6.190063e-04   6.629201e-04   2.814487e-05   1.428692e-05   2.428086e-05   2.428086e-05   2.428086e-05   2.428086e-05   2.836431e-05   2.836431e-05   2.836431e-05   2.836431e-05
   1.000000e-02  -1.395535e-04  -2.235685e-05   1.754239e-03  -1.837536e-03  -2.080080e-03   2.048200e-03   5.202567e-05   1.830276e-04   7.719914e-05   7.719914e-05   7.719914e-05   7.719914e-05   8.824606e-05   8.824606e-05   8.824606e-05   8.824606e-05
   1.000000e-01   3.132982e-04   2.553516e-04   5.914049e-03  -6.727878e-03  -6.532031e-03   5.919807e-03  -3.227969e-04   2.532158e-04   2.574660e-04   2.574660e-04   2.574660e-04   2.574660e-04   2.677359e-04   2.677359e-04   2.677359e-04   2.677359e-04
   1.000000e+00  -4.933751e-04   7.605946e-04   2.062776e-02  -1.930069e-02  -1.963621e-02   2.010244e-02   4.226162e-04   1.334425e-03   8.435619e-04   8.435619e-04   8.435619e-04   8.435619e-04   8.402705e-04   8.402705e-04   8.402705e-04   8.402705e-04
   1.000000e+01   2.181512e-03   6.791528e-03   6.172484e-02  -6.314226e-02  -6.289811e-02   6.479875e-02  -3.616004e-03   7.339379e-04   2.685338e-03   2.685338e-03   2.685338e-03   2.685338e-03   2.685369e-03   2.685369e-03   2.685369e-03   2.685369e-03
   47   47       9.000000      13.000000
    5
   1.000000e-03   1.697355e-05  -9.757585e-06   5.711759e-04  -6.178875e-04  -6.982602e-04   6.702173e-04   1.830805e-05   1.263711e-06   2.488864e-05   2.488864e-05   2.488864e-05   2.488864e-05   2.904635e-05   2.904635e-05   2.904635e-05   2.904635e-05
   1.000000e-02  -4.357969e-05  -9.485540e-05   1.849061e-03  -1.867066e-03  -2.004527e-03   2.142834e-03   1.341292e-04   6.733661e-05   7.900239e-05   7.900239e-05   7.900239e-05   7.900239e-05   8.985959e-05   8.985959e-05   8.985959e-05   8.985959e-05
   1.000000e-01  -1.400578e-04   2.506021e-04   5.677795e-03  -6.775649e-03  -6.573509e-03   6.347439e-03  -1.006307e-04  -3.814431e-04   2.607675e-04   2.607675e-04   2.607675e-04   2.607675e-04   2.677042e-04   2.677042e-04   2.677042e-04   2.677042e-04
   1.000000e+00  -1.180203e-04   2.627821e-04   2.120916e-02  -1.913090e-02  -2.041773e-02   1.919966e-02   1.566595e-03   1.368750e-05   8.417935e-04   8.417935e-04   8.417935e-04   8.417935e-04   8.403192e-04   8.403192e-04   8.403192e-04   8.403192e-04
   1.000000e+01  -1.223252e-03   1.501935e-03   6.420345e-02  -6.293771e-02  -6.257154e-02   6.410723e-02  -6.195073e-03   1.045510e-03   2.685368e-03   2.685368e-03   2.685368e-03   2.685368e-03   2.685376e-03   2.685376e-03   2.685376e-03   2.685376e-03
   48   48       9.000000      17.000000
    5
   1.000000e-03  -5.606689e-05  -4.109599e-06   5.963904e-04  -6.095510e-04  -7.066389e-04   7.050689e-04   6.125213e-05  -1.111769e-05   2.532593e-05   2.532593e-05   2.532593e-05   2.532593e-05   2.882478e-05   2.882478e-05   2.882478e-05   2.882478e-05
   1.000000e-02   3.494080e-05   9.471174e-05   1.811338e-03  -1.835224e-03  -2.232542e-03   2.117571e-03  -2.540631e-05  -3.651775e-05   8.038826e-05   8.038826e-05   8.038826e-05   8.038826e-05   8.929665e-05   8.929665e-05   8.929665e-05   8.929665e-05
   1.000000e-01   1.176266e-04  -1.991723e-04   6.295077e-03  -6.204561e-03  -6.340384e-03   6.416231e-03  -3.276796e-04  -2.815445e-04   2.636258e-04   2.636258e-04   2.636258e-04   2.636258e-04   2.668463e-04   2.668463e-04   2.668463e-04   2.668463e-04
   1.000000e+00   7.928897e-04   3.933257e-04   2.109150e-02  -1.864733e-02  -1.952489e-02   2.030991e-02   4.847878e-04  -7.396165e-04   8.405915e-04   8.405915e-04   8.405915e-04   8.405915e-04   8.404997e-04   8.404997e-04   8.404997e-04   8.404997e-04
   1.000000e+01   1.199552e-03   2.634548e-03   6.241777e-02  -6.466469e-02  -6.335720e-02   6.747789e-02  -3.683771e-03  -2.555191e-03   2.685379e-03   2.685379e-03   2.685379e-03   2.685379e-03   2.685379e-03   2.685379e-03   2.685379e-03   2.685379e-03
   49   49      13.000000     -17.000000
    5
   1.000000e-03  -4.971225e-06   1.034019e-05   5.627982e-04  -5.880632e-04  -5.522928e-04   5.635643e-04  -5.925300e-05  -4.636762e-06   2.440321e-05   2.440321e-05   2.440321e-05   2.440321e-05   2.465965e-05   2.465965e-05   2.465965e-05   2.465965e-05
   1.000000e-02  -3.377895e-05  -1.220985e-05   1.916309e-03  -1.969917e-03  -1.963771e-03   1.786407e-03  -1.721153e-04   8.926470e-05   7.855534e-05   7.855534e-05   7.855534e-05   7.855534e-05   7.965433e-05   7.965433e-05   7.965433e-05   7.965433e-05
   1.000000e-01  -3.885593e-04  -3.173446e-04   5.888525e-03  -6.456683e-03  -6.331651e-03   6.542328e-03   2.794569e-04  -3.186026e-05   2.656574e-04   2.656574e-04   2.656574e-04   2.656574e-04   2.671423e-04   2.671423e-04   2.671423e-04   2.671423e-04
   1.000000e+00   4.428265e-04   4.695917e-04   1.953909e-02  -1.989445e-02  -1.929208e-02   1.935589e-02   9.289290e-04  -1.346916e-03   8.402165e-04   8.402165e-04   8.402165e-04   8.402165e-04   8.401341e-04   8.401341e-04   8.401341e-04   8.401341e-04
   1.000000e+01   5.393833e-03   7.403989e-04   5.867564e-02  -7.166883e-02  -6.234087e-02   6.373900e-02  -9.524974e-04   1.409284e-03   2.685379e-03   2.685379e-03   2.685379e-03   2.685379e-03   2.685379e-03   2.685379e-03   2.685379e-03   2.685379e-03
   50   50      13.000000     -13.000000
    5
   1.000000e-03  -4.736197e-05   2.013293e-05   5.795639e-04  -5.810980e-04  -5.913094e-04   5.714242e-04  -4.156102e-05   4.674191e-05   2.407529e-05   2.407529e-05   2.407529e-05   2.407529e-05   2.401009e-05   2.401009e-05   2.401009e-05   2.401009e-05
   1.000000e-02   3.468924e-05   8.041665e-05   1.659460e-03  -1.933774e-03  -1.826695e-03   1.838874e-03  -1.527627e-04   1.039381e-04   7.749711e-05   7.749711e-05   7.749711e-05   7.749711e-05   7.803569e-05   7.803569e-05   7.803569e-05   7.803569e-05
   1.000000e-01  -5.120135e-05  -1.994763e-04   5.970036e-03  -6.395916e-03  -6.666857e-03   6.372798e-03  -3.474109e-04  -1.296681e-04   2.636058e-04   2.636058e-04   2.636058e-04   2.636058e-04   2.662889e-04   2.662889e-04   2.662889e-04   2.662889e-04
   1.000000e+00   7.966753e-04   6.682077e-04   2.187114e-02  -1.972294e-02  -2.175879e-02   1.758198e-02  -7.843327e-07  -5.877106e-04   8.408143e-04   8.408143e-04   8.408143e-04   8.408143e-04   8.403323e-04   8.403323e-04   8.403323e-04   8.403323e-04
   1.000000e+01  -5.205294e-03   3.254291e-03   6.050712e-02  -6.384378e-02  -6.106110e-02   6.688145e-02  -3.198341e-03   2.286908e-04   2.685377e-03   2.685377e-03   2.685377e-03   2.685377e-03   2.685378e-03   2.685378e-03   2.685378e-03   2.685378e-03
   51   51      13.000000      -9.000000
    5
   1.000000e-03  -3.154416e-05   6.583558e-05   5.600905e-04  -5.575892e-04  -5.673171e-04   5.789547e-04  -3.857760e-05   7.488601e-05   2.399769e-05   2.399769e-05   2.399769e-05   2.399769e-05   2.380554e-05   2.380554e-05   2.380554e-05   2.380554e-05
   1.000000e-02  -1.240890e-04  -1.428701e-04   1.852020e-03  -1.872507e-03  -1.852156e-03   1.743823e-03  -1.354874e-04   1.945992e-05   7.701190e-05   7.701190e-05   7.701190e-05   7.701190e-05   7.751224e-05   7.751224e-05   7.751224e-05   7.751224e-05
   1.000000e-01   5.641191e-04   7.384479e-05   6.225554e-03  -6.862730e-03  -6.391654e-03   6.691636e-03  -4.831802e-04  -2.933118e-04   2.613445e-04   2.613445e-04   2.613445e-04   2.613445e-04   2.659064e-04   2.659064e-04   2.659064e-04   2.659064e-04
   1.000000e+00   4.551696e-04   3.010267e-04   1.932598e-02  -1.905395e-02  -1.986134e-02   1.961256e-02   4.838550e-04  -1.735654e-04   8.416807e-04   8.416807e-04   8.416807e-04   8.416807e-04   8.404262e-04   8.404262e-04   8.404262e-04   8.404262e-04
   1.000000e+01   2.649818e-03   5.728686e-03   5.947023e-02  -6.710504e-02  -6.888593e-02   6.806640e-02   8.532434e-04   8.725111e-04   2.685370e-03   2.685370e-03   2.685370e-03   2.685370e-03   2.685376e-03   2.685376e-03   2.685376e-03   2.685376e-03
   52   52      13.000000      -5.000000
    5
   1.000000e-03  -7.072209e-05   3.501514e-05   5.913308e-04  -5.504266e-04  -5.405799e-04   5.814178e-04  -3.834064e-05   1.025680e-04   2.426682e-05   2.426682e-05   2.426682e-05   2.426682e-05   2.416089e-05   2.416089e-05   2.416089e-05   2.416089e-05
   1.000000e-02   2.321296e-06  -2.823069e-05   1.830453e-03  -1.796609e-03  -1.874133e-03   1.927381e-03  -1.722766e-04  -2.217159e-05   7.738592e-05   7.738592e-05   7.738592e-05   7.738592e-05   7.835471e-05   7.835471e-05   7.835471e-05   7.835471e-05
   1.000000e-01  -1.374898e-04   2.748380e-05   5.718389e-03  -6.825642e-03  -5.936566e-03   6.494382e-03  -5.090767e-04  -2.023509e-04   2.595189e-04   2.595189e-04   2.595189e-04   2.595189e-04   2.661421e-04   2.661421e-04   2.661421e-04   2.661421e-04
   1.000000e+00   2.376046e-04   6.496427e-04   2.142009e-02  -2.008637e-02  -1.967769e-02   2.108912e-02   7.427531e-04   7.447030e-05   8.423930e-04   8.423930e-04   8.423930e-04   8.423930e-04   8.403130e-04   8.403130e-04   8.403130e-04   8.403130e-04
   1.000000e+01  -9.452009e-04   3.156978e-03   5.913988e-02  -6.254992e-02  -6.288864e-02   5.843472e-02  -1.439729e-03  -9.013905e-04   2.685365e-03   2.685365e-03   2.685365e-03   2.685365e-03   2.685374e-03   2.685374e-03   2.685374e-03   2.685374e-03
   53   53      13.000000       5.000000
    5
   1.000000e-03  -3.241436e-05   4.263724e-05   6.222677e-04  -5.511112e-04  -6.456468e-04   6.242255e-04  -1.161185e-05   2.066274e-05   2.569341e-05   2.569341e-05   2.569341e-05   2.569341e-05   2.694113e-05   2.694113e-05   2.694113e-05   2.694113e-05
   1.000000e-02  -2.690943e-05   4.285643e-05   1.918947e-03  -1.852434e-03  -1.969544e-03   2.085491e-03  -1.243073e-04   1.172365e-05   8.054874e-05   8.054874e-05   8.054874e-05   8.054874e-05   8.491624e-05   8.491624e-05   8.491624e-05   8.491624e-05
   1.000000e-01   2.620383e-04  -3.580313e-04   5.990498e-03  -6.002085e-03  -6.198649e-03   6.351139e-03  -2.603385e-04   3.176409e-04   2.589291e-04   2.589291e-04   2.589291e-04   2.589291e-04   2.673700e-04   2.673700e-04   2.673700e-04   2.673700e-04
   1.000000e+00  -7.977551e-04  -9.000577e-04   2.018478e-02  -1.971826e-02  -2.031104e-02   2.064171e-02  -1.076064e-03   2.172572e-03   8.424653e-04   8.424653e-04   8.424653e-04   8.424653e-04   8.403383e-04   8.403383e-04   8.403383e-04   8.403383e-04
   1.000000e+01  -5.086652e-03  -1.597018e-03   6.498816e-02  -5.856963e-02  -6.066159e-02   7.130796e-02  -2.706707e-03   8.015895e-04   2.685365e-03   2.685365e-03   2.685365e-03   2.685365e-03   2.685374e-03   2.685374e-03   2.685374e-03   2.685374e-03
   54   54      13.000000       9.000000
    5
   1.000000e-03  -8.044060e-05   2.129851e-05   6.167107e-04  -6.453132e-04  -6.856302e-04   6.398491e-04  -2.687610e-05  -1.842345e-05   2.610825e-05   2.610825e-05   2.610825e-05   2.610825e-05   2.807343e-05   2.807343e-05   2.807343e-05   2.807343e-05
   1.000000e-02  -5.679676e-05   1.140532e-04   1.865593e-03  -1.923357e-03  -2.115708e-03   1.987573e-03   7.206014e-05   1.976936e-05   8.169426e-05   8.169426e-05   8.169426e-05   8.169426e-05   8.756944e-05   8.756944e-05   8.756944e-05   8.756944e-05
   1.000000e-01  -7.842532e-05  -3.146175e-05   5.671547e-03  -6.106504e-03  -6.094616e-03   5.727791e-03  -1.181623e-04  -3.539847e-04   2.604852e-04   2.604852e-04   2.604852e-04   2.604852e-04   2.675734e-04   2.675734e-04   2.675734e-04   2.675734e-04
   1.000000e+00  -2.030894e-04  -1.446455e-04   1.990412e-02  -1.913052e-02  -2.142243e-02   2.019622e-02   6.112489e-04  -1.474735e-04   8.417484e-04   8.417484e-04   8.417484e-04   8.417484e-04   8.403808e-04   8.403808e-04   8.403808e-04   8.403808e-04
   1.000000e+01   1.821122e-03   5.672425e-04   6.375079e-02  -6.508854e-02  -6.234789e-02   6.434911e-02   4.284985e-03  -2.130747e-03   2.685369e-03   2.685369e-03   2.685369e-03   2.685369e-03   2.685375e-03   2.685375e-03   2.685375e-03   2.685375e-03
   55   55      13.000000      13.000000
    5
   1.000000e-03  -5.975668e-05   2.476799e-05   6.225846e-04  -6.046275e-04  -6.668801e-04   6.273845e-04   1.799518e-05  -1.309162e-05   2.629020e-05   2.629020e-05   2.629020e-05   2.629020e-05   2.865937e-05   2.865937e-05   2.865937e-05   2.865937e-05
   1.000000e-02  -2.968242e-04  -3.510951e-05   1.939634e-03  -1.889067e-03  -2.122698e-03   1.974694e-03   6.118176e-05   1.541843e-05   8.238622e-05   8.238622e-05   8.238622e-05   8.238622e-05   8.892412e-05   8.892412e-05   8.892412e-05   8.892412e-05
   1.000000e-01   3.309554e-04   9.618664e-05   6.086390e-03  -6.467447e-03  -6.445915e-03   6.285704e-03  -1.387532e-04   4.818166e-05   2.625217e-04   2.625217e-04   2.625217e-04   2.625217e-04   2.673533e-04   2.673533e-04   2.673533e-04   2.673533e-04
   1.000000e+00  -6.944163e-04   2.008671e-04   2.030128e-02  -1.892328e-02  -2.127933e-02   2.054873e-02   1.523129e-03  -8.938146e-04   8.409011e-04   8.409011e-04   8.409011e-04   8.409011e-04   8.404318e-04   8.404318e-04   8.404318e-04   8.404318e-04
   1.000000e+01   8.863309e-04  -3.656278e-03   6.566923e-02  -6.652420e-02  -6.365733e-02   6.339378e-02  -2.958475e-03  -3.112017e-04   2.685377e-03   2.685377e-03   2.685377e-03   2.685377e-03   2.685378e-03   2.685378e-03   2.685378e-03   2.685378e-03
   56   56      13.000000      17.000000
    5
   1.000000e-03  -3.558712e-05   2.828159e-05   6.539615e-04  -6.212434e-04  -7.084542e-04   6.767169e-04  -1.740790e-05  -1.655862e-05   2.630348e-05   2.630348e-05   2.630348e-05   2.630348e-05   2.853287e-05   2.853287e-05   2.853287e-05   2.853287e-05
   1.000000e-02   3.636834e-05   6.302426e-05   2.020507e-03  -2.017517e-03  -2.014367e-03   2.126568e-03   7.636067e-05  -5.206043e-05   8.269224e-05   8.269224e-05   8.269224e-05   8.269224e-05   8.857671e-05   8.857671e-05   8.857671e-05   8.857671e-05
   1.000000e-01  -1.761502e-04  -4.441641e-04   6.644228e-03  -5.864341e-03  -6.519373e-03   6.674959e-03  -5.273514e-05   3.451065e-04   2.643748e-04   2.643748e-04   2.643748e-04   2.643748e-04   2.666047e-04   2.666047e-04   2.666047e-04   2.666047e-04
   1.000000e+00   1.525649e-03  -1.559884e-03   2.009735e-02  -2.008819e-02  -2.014949e-02   1.942508e-02   3.581448e-04   2.438163e-04   8.403431e-04   8.403431e-04   8.403431e-04   8.403431e-04   8.405226e-04   8.405226e-04   8.405226e-04   8.405226e-04
   1.000000e+01  -3.053497e-04  -1.077244e-03   6.174306e-02  -6.732447e-02  -6.562412e-02   6.559292e-02   1.864681e-03   2.311443e-04   2.685379e-03   2.685379e-03   2.685379e-03   2.685379e-03   2.685379e-03   2.685379e-03   2.685379e-03   2.685379e-03
   57   57      17.000000     -17.000000
    5
   1.000000e-03  -1.123179e-07  -8.900826e-06   6.034690e-04  -5.863385e-04  -6.236978e-04   6.384657e-04   1.676008e-05   5.651487e-06   2.526188e-05   2.526188e-05   2.526188e-05   2.526188e-05   2.494492e-05   2.494492e-05   2.494492e-05   2.494492e-05
   1.000000e-02  -1.410876e-04  -4.344859e-05   1.819064e-03  -1.967997e-03  -1.793010e-03   1.916996e-03   4.176995e-05  -9.782736e-05   8.069147e-05   8.069147e-05   8.069147e-05   8.069147e-05   8.042524e-05   8.042524e-05   8.042524e-05   8.042524e-05
   1.000000e-01  -7.341336e-05  -2.694763e-04   6.268276e-03  -6.920584e-03  -6.383858e-03   6.632273e-03  -3.803669e-04   4.934202e-06   2.666885e-04   2.666885e-04   2.666885e-04   2.666885e-04   2.676923e-04   2.676923e-04   2.676923e-04   2.676923e-04
   1.000000e+00   2.284552e-03  -3.645794e-04   2.057996e-02  -1.855545e-02  -2.075260e-02   2.147735e-02   2.184024e-04   6.067555e-04   8.400751e-04   8.400751e-04   8.400751e-04   8.400751e-04   8.401259e-04   8.401259e-04   8.401259e-04   8.401259e-04
   1.000000e+01  -5.925087e-04   3.908796e-03   5.983473e-02  -6.312761e-02  -5.726221e-02   6.368760e-02   5.575365e-03   2.517104e-03   2.685379e-03   2.685379e-03   2.685379e-03   2.685379e-03   2.685379e-03   2.685379e-03   2.685379e-03   2.685379e-03
   58   58      17.000000     -13.000000
    5
   1.000000e-03  -3.245918e-05  -7.246839e-06   6.003835e-04  -5.855494e-04  -5.612431e-04   5.819227e-04  -4.917748e-05  -1.079188e-06   2.527580e-05   2.527580e-05   2.527580e-05   2.527580e-05   2.453215e-05   2.453215e-05   2.453215e-05   2.453215e-05
   1.000000e-02  -4.226803e-05  -8.339513e-05   1.915859e-03  -1.890382e-03  -1.917875e-03   1.922239e-03  -3.956498e-05   1.334058e-04   8.052778e-05   8.052778e-05   8.052778e-05   8.052778e-05   7.940271e-05   7.940271e-05   7.940271e-05   7.940271e-05
   1.000000e-01  -4.056595e-04   1.218145e-04   5.695506e-03  -6.331028e-03  -6.048153e-03   6.610458e-03  -1.967724e-04  -5.972079e-04   2.656042e-04   2.656042e-04   2.656042e-04   2.656042e-04   2.672851e-04   2.672851e-04   2.672851e-04   2.672851e-04
   1.000000e+00   4.129895e-04  -3.401331e-04   2.002858e-02  -1.949677e-02  -1.861795e-02   2.096130e-02   1.117005e-03   6.848776e-04   8.401636e-04   8.401636e-04   8.401636e-04   8.401636e-04   8.401543e-04   8.401543e-04   8.401543e-04   8.401543e-04
   1.000000e+01   1.384281e-03  -1.402417e-03   5.964794e-02  -6.248930e-02  -6.292082e-02   6.590963e-02  -8.433872e-03   2.329837e-03   2.685379e-03   2.685379e-03   2.685379e-03   2.685379e-03   2.685379e-03   2.685379e-03   2.685379e-03   2.685379e-03
   59   59      17.000000      -9.000000
    5
   1.000000e-03  -9.167757e-06   1.983690e-05   6.071829e-04  -5.433499e-04  -6.061097e-04   5.803214e-04  -7.593813e-05   7.599544e-05   2.550370e-05   2.550370e-05   2.550370e-05   2.550370e-05   2.444672e-05   2.444672e-05   2.444672e-05   2.444672e-05
   1.000000e-02  -9.730280e-05   1.395637e-04   1.982195e-03  -1.983865e-03  -1.809931e-03   1.990056e-03  -8.994028e-05   8.241852e-05   8.085966e-05   8.085966e-05   8.085966e-05   8.085966e-05   7.917122e-05   7.917122e-05   7.917122e-05   7.917122e-05
   1.000000e-01  -1.438609e-04  -3.327785e-04   6.186888e-03  -6.240738e-03  -6.088822e-03   6.494445e-03  -3.187293e-04  -6.880356e-04   2.644303e-04   2.644303e-04   2.644303e-04   2.644303e-04   2.670813e-04   2.670813e-04   2.670813e-04   2.670813e-04
   1.000000e+00   1.800549e-04  -1.410211e-03   1.979258e-02  -2.105087e-02  -2.088799e-02   2.020521e-02   3.330186e-04   2.194124e-04   8.403328e-04   8.403328e-04   8.403328e-04   8.403328e-04   8.401810e-04   8.401810e-04   8.401810e-04   8.401810e-04
   1.000000e+01  -3.150844e-03   3.161744e-03   6.057619e-02  -6.842989e-02  -6.678980e-02   6.158398e-02  -9.337282e-05  -8.775797e-04   2.685379e-03   2.685379e-03   2.685379e-03   2.685379e-03   2.685379e-03   2.685379e-03   2.685379e-03   2.685379e-03
   60   60      17.000000      -5.000000
    5
   1.000000e-03  -5.435583e-05   7.621206e-05   5.699068e-04  -6.238815e-04  -5.481598e-04   5.828625e-04  -6.130581e-06   2.684649e-05   2.594665e-05   2.594665e-05   2.594665e-05   2.594665e-05   2.474418e-05   2.474418e-05   2.474418e-05   2.474418e-05
   1.000000e-02  -6.650578e-05  -1.826779e-05   2.032171e-03  -1.768307e-03  -1.850614e-03   1.948672e-03  -1.707158e-04  -2.279621e-06   8.171824e-05   8.171824e-05   8.171824e-05   8.171824e-05   7.985755e-05   7.985755e-05   7.985755e-05   7.985755e-05
   1.000000e-01   4.075936e-04   1.807567e-04   6.457443e-03  -5.840746e-03  -5.648507e-03   6.228163e-03  -2.019133e-04   5.559853e-05   2.634361e-04   2.634361e-04   2.634361e-04   2.634361e-04   2.671384e-04   2.671384e-04   2.671384e-04   2.671384e-04
   1.000000e+00   1.280845e-04  -1.900230e-04   2.068592e-02  -1.999788e-02  -1.909179e-02   2.039154e-02   1.274381e-03   9.573897e-04   8.404949e-04   8.404949e-04   8.404949e-04   8.404949e-04   8.401714e-04   8.401714e-04   8.401714e-04   8.401714e-04
   1.000000e+01  -1.890919e-03  -1.063661e-03   6.870853e-02  -6.269820e-02  -6.277429e-02   6.405643e-02   4.320361e-03   2.239805e-03   2.685380e-03   2.685380e-03   2.685380e-03   2.685380e-03   2.685379e-03   2.685379e-03   2.685379e-03   2.685379e-03
   61   61      17.000000       5.000000
    5
   1.000000e-03  -6.738834e-05   5.007897e-05   6.367383e-04  -6.067028e-04  -6.473532e-04   6.340560e-04  -1.622335e-05   5.503553e-05   2.718897e-05   2.718897e-05   2.718897e-05   2.718897e-05   2.679141e-05   2.679141e-05   2.679141e-05   2.679141e-05
   1.000000e-02  -2.281514e-04  -2.553700e-05   2.121723e-03  -1.967402e-03  -1.813905e-03   1.946351e-03  -9.674748e-05   5.395588e-05   8.443648e-05   8.443648e-05   8.443648e-05   8.443648e-05   8.461083e-05   8.461083e-05   8.461083e-05   8.461083e-05
   1.000000e-01   2.792000e-04   3.040184e-04   5.552130e-03  -6.081823e-03  -5.349511e-03   5.940732e-03  -4.938234e-04  -4.904736e-05   2.627724e-04   2.627724e-04   2.627724e-04   2.627724e-04   2.673822e-04   2.673822e-04   2.673822e-04   2.673822e-04
   1.000000e+00   1.234521e-03   7.760420e-04   2.081558e-02  -2.119956e-02  -2.009462e-02   1.997818e-02  -1.107010e-04   1.380250e-03   8.406000e-04   8.406000e-04   8.406000e-04   8.406000e-04   8.403876e-04   8.403876e-04   8.403876e-04   8.403876e-04
   1.000000e+01  -2.213772e-03  -2.603989e-03   6.034376e-02  -5.895316e-02  -6.600390e-02   6.509389e-02  -1.231633e-03  -3.316676e-03   2.685380e-03   2.685380e-03   2.685380e-03   2.685380e-03   2.685378e-03   2.685378e-03   2.685378e-03   2.685378e-03
   62   62      17.000000       9.000000
    5
   1.000000e-03  -9.356676e-05   5.219989e-05   6.974511e-04  -6.308164e-04  -6.400603e-04   6.631745e-04  -2.974025e-05   1.254840e-05   2.735635e-05   2.735635e-05   2.735635e-05   2.735635e-05   2.761197e-05   2.761197e-05   2.761197e-05   2.761197e-05
   1.000000e-02  -1.248830e-04   3.138210e-05   2.196868e-03  -2.005809e-03  -2.044889e-03   1.951134e-03  -3.207522e-05  -4.640674e-05   8.490036e-05   8.490036e-05   8.490036e-05   8.490036e-05   8.649829e-05   8.649829e-05   8.649829e-05   8.649829e-05
   1.000000e-01  -4.117795e-05  -2.531992e-04   6.285873e-03  -6.293462e-03  -5.915534e-03   6.086511e-03  -1.068904e-04  -1.340151e-04   2.633780e-04   2.633780e-04   2.633780e-04   2.633780e-04   2.672591e-04   2.672591e-04   2.672591e-04   2.672591e-04
   1.000000e+00  -1.092090e-04  -8.255718e-04   1.944580e-02  -2.010626e-02  -2.165362e-02   1.870289e-02  -9.180973e-05  -2.223989e-04   8.404677e-04   8.404677e-04   8.404677e-04   8.404677e-04   8.404622e-04   8.404622e-04   8.404622e-04   8.404622e-04
   1.000000e+01  -1.520908e-03  -1.745572e-04   6.167796e-02  -6.669396e-02  -5.964869e-02   6.366810e-02   3.377585e-04  -7.886823e-04   2.685379e-03   2.685379e-03   2.685379e-03   2.685379e-03   2.685378e-03   2.685378e-03   2.685378e-03   2.685378e-03
   63   63      17.000000      13.000000
    5
   1.000000e-03  -5.322864e-05   3.317615e-06   6.777676e-04  -6.356260e-04  -6.578811e-04   6.635258e-04   5.341694e-05   5.945916e-06   2.726959e-05   2.726959e-05   2.726959e-05   2.726959e-05   2.806860e-05   2.806860e-05   2.806860e-05   2.806860e-05
   1.000000e-02  -1.005404e-04   6.344300e-05   2.163987e-03  -1.945904e-03  -2.082101e-03   2.075419e-03   2.381148e-04  -4.481070e-05   8.483848e-05   8.483848e-05   8.483848e-05   8.483848e-05   8.752692e-05   8.752692e-05   8.752692e-05   8.752692e-05
   1.000000e-01  -3.351932e-04  -2.507153e-04   6.463623e-03  -6.089417e-03  -6.170266e-03   6.379642e-03  -6.667035e-05   5.344912e-05   2.642690e-04   2.642690e-04   2.642690e-04   2.642690e-04   2.669376e-04   2.669376e-04   2.669376e-04   2.669376e-04
   1.000000e+00   3.450803e-04   2.476911e-04   1.895251e-02  -2.062665e-02  -2.016563e-02   2.066964e-02   1.367200e-03  -1.534348e-04   8.403080e-04   8.403080e-04   8.403080e-04   8.403080e-04   8.404998e-04   8.404998e-04   8.404998e-04   8.404998e-04
   1.000000e+01  -1.426735e-03   3.943534e-03   6.445907e-02  -6.687478e-02  -6.450916e-02   6.066669e-02   3.194370e-04   6.147858e-03   2.685379e-03   2.685379e-03   2.685379e-03   2.685379e-03   2.685379e-03   2.685379e-03   2.685379e-03   2.685379e-03
   64   64      17.000000      17.000000
    5
   1.000000e-03  -2.467694e-05   7.816143e-05   6.443881e-04  -6.220137e-04  -6.934264e-04   6.881892e-04   4.770487e-05  -4.078259e-05   2.704568e-05   2.704568e-05   2.704568e-05   2.704568e-05   2.806411e-05   2.806411e-05   2.806411e-05   2.806411e-05
   1.000000e-02  -1.449369e-04  -1.082959e-05   1.960297e-03  -2.089145e-03  -1.927152e-03   2.171319e-03   1.280001e-04  -1.114347e-04   8.448730e-05   8.448730e-05   8.448730e-05   8.448730e-05   8.746522e-05   8.746522e-05   8.746522e-05   8.746522e-05
   1.000000e-01   1.364185e-04   3.320386e-05   6.490024e-03  -6.143774e-03  -6.437021e-03   6.220321e-03  -2.844174e-04   8.340588e-05   2.651988e-04   2.651988e-04   2.651988e-04   2.651988e-04   2.663947e-04   2.663947e-04   2.663947e-04   2.663947e-04
   1.000000e+00  -6.346730e-04  -2.272378e-05   2.000244e-02  -1.969704e-02  -1.986821e-02   1.910128e-02  -6.629196e-04  -1.239717e-03   8.402134e-04   8.402134e-04   8.402134e-04   8.402134e-04   8.405041e-04   8.405041e-04   8.405041e-04   8.405041e-04
   1.000000e+01  -4.485811e-03  -3.541737e-03   6.035673e-02  -6.247390e-02  -6.294343e-02   5.991336e-02  -3.787845e-04   8.827821e-04   2.685379e-03   2.685379e-03   2.685379e-03   2.685379e-03   2.685379e-03   2.685379e-03   2.685379e-03   2.685379e-03
END
