   MT   64
    1    1     -17.000000     -17.000000
    5
   1.000000e-03   6.592147e-05   4.638451e-05   6.756812e-04  -6.889205e-04  -6.245958e-04   6.282060e-04   5.037377e-05   8.619335e-06   2.752544e-05   2.752544e-05   2.752544e-05   2.752544e-05   2.746108e-05   2.746108e-05   2.746108e-05   2.746108e-05
   1.000000e-02  -5.529883e-05   2.608607e-05   2.098033e-03  -1.955188e-03  -1.996518e-03   2.027570e-03   6.779223e-05  -1.288692e-04   8.568203e-05   8.568203e-05   8.568203e-05   8.568203e-05   8.610382e-05   8.610382e-05   8.610382e-05   8.610382e-05
   1.000000e-01   2.127422e-05  -1.400504e-04   5.958336e-03  -6.145044e-03  -6.345500e-03   6.826024e-03   1.932685e-04   4.922038e-04   2.653357e-04   2.653357e-04   2.653357e-04   2.653357e-04   2.666759e-04   2.666759e-04   2.666759e-04   2.666759e-04
   1.000000e+00   2.815878e-04   1.090171e-03   2.009123e-02  -2.110872e-02  -1.925581e-02   2.084023e-02   5.775640e-04   3.045201e-04   8.403032e-04   8.403032e-04   8.403032e-04   8.403032e-04   8.404167e-04   8.404167e-04   8.404167e-04   8.404167e-04
   1.000000e+01   6.078431e-03   2.497795e-03   6.282855e-02  -6.411738e-02  -5.732789e-02   6.211387e-02   2.721052e-03  -2.346674e-03   2.685379e-03   2.685379e-03   2.685379e-03   2.685379e-03   2.685379e-03   2.685379e-03   2.685379e-03   2.685379e-03
    2    2     -17.000000     -13.000000
    5
   1.000000e-03  -3.543796e-05   2.555547e-05   6.128792e-04  -6.548090e-04  -6.882971e-04   6.720129e-04   4.778021e-05   1.280145e-05   2.789494e-05   2.789494e-05   2.789494e-05   2.789494e-05   2.753827e-05   2.753827e-05   2.753827e-05   2.753827e-05
   1.000000e-02   9.114492e-05  -1.443706e-04   2.033124e-03  -2.015527e-03  -1.961040e-03   2.083385e-03   1.771712e-04   8.728842e-05   8.639938e-05   8.639938e-05   8.639938e-05   8.639938e-05   8.632452e-05   8.632452e-05   8.632452e-05   8.632452e-05
   1.000000e-01  -4.739367e-04   2.480921e-04   6.395458e-03  -6.359704e-03  -6.320770e-03   6.082659e-03  -1.576630e-04   5.915082e-04   2.645799e-04   2.645799e-04   2.645799e-04   2.645799e-04   2.671080e-04   2.671080e-04   2.671080e-04   2.671080e-04
   1.000000e+00   1.658354e-04  -1.267502e-04   2.129877e-02  -1.875489e-02  -1.931695e-02   1.941928e-02   2.220895e-04   7.314543e-04   8.403847e-04   8.403847e-04   8.403847e-04   8.403847e-04   8.403692e-04   8.403692e-04   8.403692e-04   8.403692e-04
   1.000000e+01   1.881118e-03  -4.184291e-03   6.197518e-02  -6.863396e-02  -6.216017e-02   6.323607e-02   2.890407e-03   1.389520e-03   2.685379e-03   2.685379e-03   2.685379e-03   2.685379e-03   2.685379e-03   2.685379e-03   2.685379e-03   2.685379e-03
    3    3     -17.000000      -9.000000
    5
   1.000000e-03  -3.240206e-05   1.237729e-05   6.735040e-04  -6.726096e-04  -6.914932e-04   6.609178e-04   2.752485e-05  -2.291600e-05   2.812155e-05   2.812155e-05   2.812155e-05   2.812155e-05   2.735365e-05   2.735365e-05   2.735365e-05   2.735365e-05
   1.000000e-02  -1.927196e-05  -5.666076e-06   1.890607e-03  -1.871390e-03  -1.957361e-03   2.210405e-03  -7.208021e-06   1.878534e-04   8.680449e-05   8.680449e-05   8.680449e-05   8.680449e-05   8.595260e-05   8.595260e-05   8.595260e-05   8.595260e-05
   1.000000e-01   1.608143e-04  -3.857426e-04   6.039170e-03  -6.444614e-03  -6.462629e-03   5.788629e-03  -7.430925e-05  -1.694872e-04   2.637994e-04   2.637994e-04   2.637994e-04   2.637994e-04   2.675352e-04   2.675352e-04   2.675352e-04   2.675352e-04
   1.000000e+00  -2.751147e-04   2.056920e-04   1.909906e-02  -2.100978e-02  -2.094821e-02   2.050816e-02   6.525610e-05   9.385773e-05   8.405208e-04   8.405208e-04   8.405208e-04   8.405208e-04   8.402766e-04   8.402766e-04   8.402766e-04   8.402766e-04
   1.000000e+01   1.410317e-03  -3.569578e-03   6.366621e-02  -6.332732e-02  -5.896296e-02   6.301900e-02   2.430017e-03   3.633974e-03   2.685379e-03   2.685379e-03   2.685379e-03   2.685379e-03   2.685379e-03   2.685379e-03   2.685379e-03   2.685379e-03
    4    4     -17.000000      -5.000000
    5
   1.000000e-03  -4.408012e-05   2.655312e-05   5.998021e-04  -7.123722e-04  -6.278065e-04   6.414675e-04  -2.129237e-05   1.155773e-05   2.805496e-05   2.805496e-05   2.805496e-05   2.805496e-05   2.693382e-05   2.693382e-05   2.693382e-05   2.693382e-05
   1.000000e-02  -9.196278e-05   3.199498e-05   2.175158e-03  -1.903013e-03  -1.921258e-03   2.064895e-03   1.173084e-05   6.194764e-06   8.658087e-05   8.658087e-05   8.658087e-05   8.658087e-05   8.505084e-05   8.505084e-05   8.505084e-05   8.505084e-05
   1.000000e-01  -2.978440e-05  -1.546176e-04   5.873841e-03  -5.829542e-03  -6.456227e-03   6.092676e-03  -4.053699e-04  -2.764854e-04   2.631981e-04   2.631981e-04   2.631981e-04   2.631981e-04   2.679194e-04   2.679194e-04   2.679194e-04   2.679194e-04
   1.000000e+00  -4.868250e-04  -1.979037e-04   2.166947e-02  -1.831541e-02  -2.136944e-02   1.835155e-02  -9.637475e-04  -1.699730e-03   8.406443e-04   8.406443e-04   8.406443e-04   8.406443e-04   8.401720e-04   8.401720e-04   8.401720e-04   8.401720e-04
   1.000000e+01  -8.956211e-04   1.135584e-03   6.200562e-02  -6.388789e-02  -5.998782e-02   6.484054e-02  -3.201171e-03  -1.436929e-03   2.685379e-03   2.685379e-03   2.685379e-03   2.685379e-03   2.685379e-03   2.685379e-03   2.685379e-03   2.685379e-03
    5    5     -17.000000       5.000000
    5
   1.000000e-03  -2.425184e-05   1.262671e-05   6.664648e-04  -6.437514e-04  -5.971505e-04   6.056658e-04  -6.366022e-05   2.893599e-05   2.672702e-05   2.672702e-05   2.672702e-05   2.672702e-05   2.558210e-05   2.558210e-05   2.558210e-05   2.558210e-05
   1.000000e-02   9.403820e-06   8.362890e-06   2.114054e-03  -1.816167e-03  -1.852982e-03   1.975017e-03  -2.533135e-04   1.310883e-04   8.366791e-05   8.366791e-05   8.366791e-05   8.366791e-05   8.205780e-05   8.205780e-05   8.205780e-05   8.205780e-05
   1.000000e-01   4.093311e-04  -3.108494e-04   5.916089e-03  -6.543679e-03  -6.477246e-03   6.589079e-03  -4.748408e-04   5.444976e-05   2.637390e-04   2.637390e-04   2.637390e-04   2.637390e-04   2.681624e-04   2.681624e-04   2.681624e-04   2.681624e-04
   1.000000e+00  -3.410165e-04   1.127595e-03   1.952354e-02  -1.929051e-02  -1.901440e-02   1.932157e-02  -3.217891e-04   1.501334e-03   8.405380e-04   8.405380e-04   8.405380e-04   8.405380e-04   8.400737e-04   8.400737e-04   8.400737e-04   8.400737e-04
   1.000000e+01   9.020319e-04  -8.375912e-04   6.489528e-02  -6.526971e-02  -6.021932e-02   6.496618e-02  -8.073988e-03   5.947966e-04   2.685379e-03   2.685379e-03   2.685379e-03   2.685379e-03   2.685379e-03   2.685379e-03   2.685379e-03   2.685379e-03
    6    6     -17.000000       9.000000
    5
   1.000000e-03   6.757209e-06  -2.377875e-05   6.633183e-04  -6.353516e-04  -5.883148e-04   5.971682e-04  -5.520948e-05   4.473227e-05   2.610508e-05   2.610508e-05   2.610508e-05   2.610508e-05   2.527028e-05   2.527028e-05   2.527028e-05   2.527028e-05
   1.000000e-02   8.216739e-06  -1.392110e-04   1.946654e-03  -1.862356e-03  -1.868784e-03   1.839169e-03  -1.306339e-04  -1.476462e-05   8.239022e-05   8.239022e-05   8.239022e-05   8.239022e-05   8.135196e-05   8.135196e-05   8.135196e-05   8.135196e-05
   1.000000e-01   7.561199e-05   1.061386e-04   6.110885e-03  -6.273738e-03  -6.477792e-03   6.589626e-03  -2.069487e-04  -2.906880e-04   2.646617e-04   2.646617e-04   2.646617e-04   2.646617e-04   2.679919e-04   2.679919e-04   2.679919e-04   2.679919e-04
   1.000000e+00  -6.570939e-04  -1.274100e-03   2.010769e-02  -1.983922e-02  -1.869944e-02   1.817680e-02   1.774174e-04  -1.016683e-03   8.403814e-04   8.403814e-04   8.403814e-04   8.403814e-04   8.401474e-04   8.401474e-04   8.401474e-04   8.401474e-04
   1.000000e+01   1.795712e-03  -2.779796e-03   6.053227e-02  -6.822528e-02  -6.506463e-02   6.213969e-02  -4.141588e-03  -1.385446e-03   2.685379e-03   2.685379e-03   2.685379e-03   2.685379e-03   2.685379e-03   2.685379e-03   2.685379e-03   2.685379e-03
    7    7     -17.000000      13.000000
    5
   1.000000e-03   2.538954e-05   2.424714e-05   5.559399e-04  -6.242148e-04  -5.475711e-04   5.473945e-04  -2.147054e-05   2.175909e-05   2.568308e-05   2.568308e-05   2.568308e-05   2.568308e-05   2.521315e-05   2.521315e-05   2.521315e-05   2.521315e-05
   1.000000e-02   3.113070e-05   4.257827e-05   1.925938e-03  -1.971047e-03  -1.841318e-03   1.905083e-03  -2.141698e-04   2.159939e-04   8.159468e-05   8.159468e-05   8.159468e-05   8.159468e-05   8.123162e-05   8.123162e-05   8.123162e-05   8.123162e-05
   1.000000e-01  -1.766370e-04   3.414088e-04   6.188738e-03  -6.651586e-03  -6.417144e-03   6.106953e-03  -6.496105e-05  -3.876527e-04   2.657315e-04   2.657315e-04   2.657315e-04   2.657315e-04   2.678861e-04   2.678861e-04   2.678861e-04   2.678861e-04
   1.000000e+00  -1.369811e-03   3.103626e-04   1.929367e-02  -1.906902e-02  -1.957461e-02   1.881944e-02   5.403037e-04   7.347959e-04   8.402220e-04   8.402220e-04   8.402220e-04   8.402220e-04   8.402026e-04   8.402026e-04   8.402026e-04   8.402026e-04
   1.000000e+01  -5.566247e-03  -1.561587e-03   6.537261e-02  -6.859026e-02  -6.246747e-02   6.080815e-02  -3.532739e-03  -2.137040e-03   2.685379e-03   2.685379e-03   2.685379e-03   2.685379e-03   2.685379e-03   2.685379e-03   2.685379e-03   2.685379e-03
    8    8     -17.000000      17.000000
    5
   1.000000e-03   2.016046e-05   7.832860e-06   5.725290e-04  -6.408701e-04  -5.789575e-04   6.007262e-04   5.506635e-06   1.976433e-05   2.551672e-05   2.551672e-05   2.551672e-05   2.551672e-05   2.540122e-05   2.540122e-05   2.540122e-05   2.540122e-05
   1.000000e-02   1.801307e-04  -1.395902e-04   1.816979e-03  -2.072837e-03  -1.933205e-03   1.941524e-03  -1.535634e-04   1.380752e-05   8.138514e-05   8.138514e-05   8.138514e-05   8.138514e-05   8.168395e-05   8.168395e-05   8.168395e-05   8.168395e-05
   1.000000e-01   1.914631e-04  -1.021086e-04   6.421016e-03  -6.305917e-03  -6.198207e-03   6.256540e-03   5.150789e-05  -6.577835e-04   2.667162e-04   2.667162e-04   2.667162e-04   2.667162e-04   2.678684e-04   2.678684e-04   2.678684e-04   2.678684e-04
   1.000000e+00  -3.112168e-04   1.259348e-04   1.887590e-02  -1.738639e-02  -1.932633e-02   1.891323e-02   8.070563e-04  -4.208315e-04   8.401314e-04   8.401314e-04   8.401314e-04   8.401314e-04   8.402235e-04   8.402235e-04   8.402235e-04   8.402235e-04
   1.000000e+01  -2.028687e-03  -5.151915e-04   6.285925e-02  -6.320244e-02  -6.580711e-02   6.639603e-02  -6.160432e-04  -5.812493e-04   2.685379e-03   2.685379e-03   2.685379e-03   2.685379e-03   2.685379e-03   2.685379e-03   2.685379e-03   2.685379e-03
    9    9     -13.000000     -17.000000
    5
   1.000000e-03   1.956311e-05   5.684802e-06   6.612194e-04  -6.047376e-04  -6.327711e-04   6.230698e-04   5.351391e-05  -4.149321e-05   2.691209e-05   2.691209e-05   2.691209e-05   2.691209e-05   2.757727e-05   2.757727e-05   2.757727e-05   2.757727e-05
   1.000000e-02   1.075548e-05  -5.391074e-05   1.918881e-03  -1.923132e-03  -2.096154e-03   2.129753e-03   5.076410e-05  -8.283482e-05   8.423013e-05   8.423013e-05   8.423013e-05   8.423013e-05   8.638334e-05   8.638334e-05   8.638334e-05   8.638334e-05
   1.000000e-01   1.843259e-04   9.269289e-05   6.039751e-03  -6.559965e-03  -6.408950e-03   6.147386e-03  -2.953259e-04   1.024572e-04   2.649187e-04   2.649187e-04   2.649187e-04   2.649187e-04   2.667889e-04   2.667889e-04   2.667889e-04   2.667889e-04
   1.000000e+00   5.047765e-04  -1.121763e-03   2.141744e-02  -1.993559e-02  -1.955502e-02   1.991683e-02  -1.469908e-03   7.662268e-04   8.404025e-04   8.404025e-04   8.404025e-04   8.404025e-04   8.403914e-04   8.403914e-04   8.403914e-04   8.403914e-04
   1.000000e+01   2.081578e-03  -6.687424e-03   6.247939e-02  -6.448472e-02  -6.104810e-02   6.340103e-02  -6.486390e-04  -3.475732e-03   2.685379e-03   2.685379e-03   2.685379e-03   2.685379e-03   2.685379e-03   2.685379e-03   2.685379e-03   2.685379e-03
   10   10     -13.000000     -13.000000
    5
   1.000000e-03   4.861542e-06  -3.349777e-05   6.524569e-04  -5.708811e-04  -6.485702e-04   6.122050e-04   6.545545e-05  -3.298426e-05   2.711050e-05   2.711050e-05   2.711050e-05   2.711050e-05   2.772545e-05   2.772545e-05   2.772545e-05   2.772545e-05
   1.000000e-02   5.207994e-05   2.483018e-05   2.149011e-03  -1.867763e-03  -2.056615e-03   1.953114e-03   9.980082e-05   1.639318e-04   8.446785e-05   8.446785e-05   8.446785e-05   8.446785e-05   8.676436e-05   8.676436e-05   8.676436e-05   8.676436e-05
   1.000000e-01   4.195113e-04   1.854418e-04   6.132058e-03  -6.174996e-03  -6.298503e-03   6.146413e-03   1.178716e-04   1.488395e-04   2.634697e-04   2.634697e-04   2.634697e-04   2.634697e-04   2.673361e-04   2.673361e-04   2.673361e-04   2.673361e-04
   1.000000e+00   1.004284e-03  -1.324218e-04   2.112295e-02  -1.900774e-02  -1.927159e-02   2.017567e-02  -1.622217e-03   4.271675e-04   8.408385e-04   8.408385e-04   8.408385e-04   8.408385e-04   8.402328e-04   8.402328e-04   8.402328e-04   8.402328e-04
   1.000000e+01   4.287537e-03   3.072917e-04   5.941469e-02  -6.522693e-02  -6.332519e-02   6.197503e-02   1.115007e-03   1.217709e-03   2.685377e-03   2.685377e-03   2.685377e-03   2.685377e-03   2.685379e-03   2.685379e-03   2.685379e-03   2.685379e-03
   11   11     -13.000000      -9.000000
    5
   1.000000e-03   1.358985e-05  -8.227676e-06   6.762612e-04  -6.375888e-04  -6.914394e-04   5.991379e-04  -6.166045e-06   2.349993e-05   2.712144e-05   2.712144e-05   2.712144e-05   2.712144e-05   2.753448e-05   2.753448e-05   2.753448e-05   2.753448e-05
   1.000000e-02  -6.593107e-06  -6.697205e-05   1.855489e-03  -2.013470e-03  -1.940661e-03   1.989389e-03   1.625460e-04   1.116881e-04   8.426085e-05   8.426085e-05   8.426085e-05   8.426085e-05   8.637467e-05   8.637467e-05   8.637467e-05   8.637467e-05
   1.000000e-01   8.807802e-05  -1.997754e-04   6.336492e-03  -6.440927e-03  -6.003393e-03   6.519711e-03   2.838691e-04  -6.575379e-05   2.617161e-04   2.617161e-04   2.617161e-04   2.617161e-04   2.678454e-04   2.678454e-04   2.678454e-04   2.678454e-04
   1.000000e+00   8.872834e-04   1.285706e-03   2.014920e-02  -1.970938e-02  -2.067829e-02   1.919552e-02  -6.752426e-04   1.460605e-04   8.415498e-04   8.415498e-04   8.415498e-04   8.415498e-04   8.400123e-04   8.400123e-04   8.400123e-04   8.400123e-04
   1.000000e+01  -2.399393e-03   3.467825e-04   5.810663e-02  -6.903064e-02  -6.116804e-02   6.503310e-02   7.327466e-05  -2.890897e-03   2.685370e-03   2.685370e-03   2.685370e-03   2.685370e-03   2.685379e-03   2.685379e-03   2.685379e-03   2.685379e-03
   12   12     -13.000000      -5.000000
    5
   1.000000e-03   8.736873e-06  -9.681789e-06   6.827503e-04  -5.852110e-04  -6.066568e-04   6.483949e-04  -1.107640e-05   7.815691e-05   2.683513e-05   2.683513e-05   2.683513e-05   2.683513e-05   2.704154e-05   2.704154e-05   2.704154e-05   2.704154e-05
   1.000000e-02   7.434781e-06  -1.791866e-04   1.896024e-03  -1.712252e-03  -2.040951e-03   2.024133e-03  -9.415351e-05   7.466578e-05   8.342623e-05   8.342623e-05   8.342623e-05   8.342623e-05   8.530519e-05   8.530519e-05   8.530519e-05   8.530519e-05
   1.000000e-01   7.696290e-04  -2.536864e-06   6.114589e-03  -6.391024e-03  -6.744127e-03   5.990560e-03  -7.681697e-04  -3.713376e-04   2.602008e-04   2.602008e-04   2.602008e-04   2.602008e-04   2.682686e-04   2.682686e-04   2.682686e-04   2.682686e-04
   1.000000e+00  -5.652315e-05   5.131303e-04   1.980457e-02  -1.977654e-02  -2.078927e-02   1.984119e-02  -2.018571e-04   4.444200e-04   8.422101e-04   8.422101e-04   8.422101e-04   8.422101e-04   8.397946e-04   8.397946e-04   8.397946e-04   8.397946e-04
   1.000000e+01  -4.073019e-03  -7.879368e-04   6.464657e-02  -6.202018e-02  -6.129965e-02   6.267120e-02  -4.273319e-03   1.583898e-04   2.685366e-03   2.685366e-03   2.685366e-03   2.685366e-03   2.685379e-03   2.685379e-03   2.685379e-03   2.685379e-03
   13   13     -13.000000       5.000000
    5
   1.000000e-03   2.558289e-05  -1.107785e-05   5.612781e-04  -6.248498e-04  -6.147775e-04   6.493176e-04  -8.325589e-05   5.565199e-05   2.533675e-05   2.533675e-05   2.533675e-05   2.533675e-05   2.540098e-05   2.540098e-05   2.540098e-05   2.540098e-05
   1.000000e-02   5.562864e-05  -1.183061e-04   1.839573e-03  -1.953769e-03  -1.861661e-03   2.016067e-03  -2.215792e-04   2.392883e-04   8.009893e-05   8.009893e-05   8.009893e-05   8.009893e-05   8.161977e-05   8.161977e-05   8.161977e-05   8.161977e-05
   1.000000e-01   5.900874e-04  -9.960575e-05   5.916385e-03  -6.363032e-03  -5.881353e-03   6.149574e-03  -6.928152e-04  -3.139664e-05   2.605583e-04   2.605583e-04   2.605583e-04   2.605583e-04   2.681791e-04   2.681791e-04   2.681791e-04   2.681791e-04
   1.000000e+00   2.458192e-04  -3.990769e-04   2.041650e-02  -1.865462e-02  -2.048211e-02   2.127026e-02  -3.074812e-04   1.040211e-03   8.421714e-04   8.421714e-04   8.421714e-04   8.421714e-04   8.397861e-04   8.397861e-04   8.397861e-04   8.397861e-04
   1.000000e+01  -2.013673e-03  -2.723335e-03   6.290403e-02  -5.727275e-02  -5.988949e-02   6.566594e-02  -7.499468e-04   3.572311e-03   2.685366e-03   2.685366e-03   2.685366e-03   2.685366e-03   2.685379e-03   2.685379e-03   2.685379e-03   2.685379e-03
   14   14     -13.000000       9.000000
    5
   1.000000e-03   4.927133e-05   8.888682e-06   5.663432e-04  -6.099113e-04  -6.061968e-04   5.921649e-04  -6.134565e-05   6.813677e-05   2.483921e-05   2.483921e-05   2.483921e-05   2.483921e-05   2.503459e-05   2.503459e-05   2.503459e-05   2.503459e-05
   1.000000e-02  -1.614952e-04   6.549617e-05   1.733480e-03  -1.990217e-03  -1.929551e-03   1.936389e-03  -2.186987e-04   1.585234e-04   7.918348e-05   7.918348e-05   7.918348e-05   7.918348e-05   8.076355e-05   8.076355e-05   8.076355e-05   8.076355e-05
   1.000000e-01   2.187928e-04  -8.795928e-05   5.822744e-03  -6.354731e-03  -6.219950e-03   6.764255e-03  -5.151657e-04  -5.508069e-04   2.622094e-04   2.622094e-04   2.622094e-04   2.622094e-04   2.677836e-04   2.677836e-04   2.677836e-04   2.677836e-04
   1.000000e+00  -6.969070e-04   2.128026e-04   1.977181e-02  -2.153395e-02  -2.046978e-02   2.000984e-02  -1.394359e-04  -4.274300e-04   8.415323e-04   8.415323e-04   8.415323e-04   8.415323e-04   8.400281e-04   8.400281e-04   8.400281e-04   8.400281e-04
   1.000000e+01   8.196769e-04   5.286825e-03   6.414114e-02  -6.135080e-02  -5.897311e-02   6.896387e-02  -9.245141e-04  -9.924993e-04   2.685371e-03   2.685371e-03   2.685371e-03   2.685371e-03   2.685379e-03   2.685379e-03   2.685379e-03   2.685379e-03
   15   15     -13.000000      13.000000
    5
   1.000000e-03   2.903279e-05  -7.232988e-06   5.225945e-04  -5.640856e-04  -5.826679e-04   5.977788e-04  -7.524056e-05   8.232666e-05   2.464785e-05   2.464785e-05   2.464785e-05   2.464785e-05   2.501396e-05   2.501396e-05   2.501396e-05   2.501396e-05
   1.000000e-02   5.976898e-07  -8.298274e-05   1.800891e-03  -1.895410e-03  -1.698128e-03   2.042806e-03  -1.423739e-04  -5.910513e-05   7.901243e-05   7.901243e-05   7.901243e-05   7.901243e-05   8.071714e-05   8.071714e-05   8.071714e-05   8.071714e-05
   1.000000e-01   6.459513e-04  -1.692236e-04   5.763543e-03  -6.305807e-03  -5.929127e-03   6.693825e-03   1.175553e-06  -5.171592e-04   2.641844e-04   2.641844e-04   2.641844e-04   2.641844e-04   2.676000e-04   2.676000e-04   2.676000e-04   2.676000e-04
   1.000000e+00   1.986130e-04  -1.687494e-03   1.961234e-02  -1.796005e-02  -2.049034e-02   2.002129e-02  -4.338987e-04  -1.082427e-04   8.407799e-04   8.407799e-04   8.407799e-04   8.407799e-04   8.401805e-04   8.401805e-04   8.401805e-04   8.401805e-04
   1.000000e+01  -3.189396e-03  -3.519585e-03   6.054735e-02  -6.820395e-02  -6.586042e-02   6.407689e-02  -2.162333e-03  -1.013406e-03   2.685377e-03   2.685377e-03   2.685377e-03   2.685377e-03   2.685379e-03   2.685379e-03   2.685379e-03   2.685379e-03
   16   16     -13.000000      17.000000
    5
   1.000000e-03  -1.058869e-05  -2.378066e-05   5.580898e-04  -5.993488e-04  -5.756131e-04   6.121317e-04  -8.706397e-06   2.713056e-05   2.475887e-05   2.475887e-05   2.475887e-05   2.475887e-05   2.530988e-05   2.530988e-05   2.530988e-05   2.530988e-05
   1.000000e-02   5.169204e-05  -1.197473e-04   1.833811e-03  -1.969089e-03  -1.830474e-03   1.912261e-03  -1.513254e-04   1.260461e-04   7.952470e-05   7.952470e-05   7.952470e-05   7.952470e-05   8.142530e-05   8.142530e-05   8.142530e-05   8.142530e-05
   1.000000e-01   1.780706e-05   2.825800e-04   6.500258e-03  -5.761046e-03  -6.206470e-03   6.017273e-03  -3.206157e-04  -1.742785e-04   2.659473e-04   2.659473e-04   2.659473e-04   2.659473e-04   2.676564e-04   2.676564e-04   2.676564e-04   2.676564e-04
   1.000000e+00   2.619824e-06   7.133943e-04   2.007289e-02  -1.900424e-02  -1.929124e-02   2.054649e-02   1.944910e-03  -1.078215e-03   8.402603e-04   8.402603e-04   8.402603e-04   8.402603e-04   8.402127e-04   8.402127e-04   8.402127e-04   8.402127e-04
   1.000000e+01   7.187941e-05  -4.776356e-05   6.261631e-02  -6.810541e-02  -6.410500e-02   7.151893e-02   2.175579e-03   3.307245e-03   2.685379e-03   2.685379e-03   2.685379e-03   2.685379e-03   2.685379e-03   2.685379e-03   2.685379e-03   2.685379e-03
   17   17      -9.000000     -17.000000
    5
   1.000000e-03   3.465293e-06  -1.536418e-05   5.919634e-04  -5.870796e-04  -6.489252e-04   6.788259e-04   4.964902e-05  -2.901340e-05   2.596583e-05   2.596583e-05   2.596583e-05   2.596583e-05   2.748356e-05   2.748356e-05   2.748356e-05   2.748356e-05
   1.000000e-02   7.678154e-05  -2.062999e-04   1.910239e-03  -2.064084e-03  -2.049562e-03   1.937080e-03   1.232688e-04  -5.642702e-05   8.201835e-05   8.201835e-05   8.201835e-05   8.201835e-05   8.618865e-05   8.618865e-05   8.618865e-05   8.618865e-05
   1.000000e-01   1.967057e-04   1.421262e-04   6.141716e-03  -6.172516e-03  -6.503544e-03   6.164754e-03  -1.703763e-04   4.800234e-05   2.644434e-04   2.644434e-04   2.644434e-04   2.644434e-04   2.668751e-04   2.668751e-04   2.668751e-04   2.668751e-04
   1.000000e+00   2.176178e-04  -1.495579e-03   1.951904e-02  -1.987603e-02  -1.841971e-02   2.035739e-02  -1.836244e-04  -2.292588e-04   8.405897e-04   8.405897e-04   8.405897e-04   8.405897e-04   8.403496e-04   8.403496e-04   8.403496e-04   8.403496e-04
   1.000000e+01  -2.662243e-03  -1.523803e-03   6.423314e-02  -6.354003e-02  -5.798813e-02   6.148842e-02   3.347109e-03   6.935596e-04   2.685379e-03   2.685379e-03   2.685379e-03   2.685379e-03   2.685379e-03   2.685379e-03   2.685379e-03   2.685379e-03
   18   18      -9.000000     -13.000000
    5
   1.000000e-03   9.910652e-06  -9.478168e-06   6.047037e-04  -6.058049e-04  -6.481899e-04   6.363293e-04   3.639173e-05   5.134837e-06   2.575679e-05   2.575679e-05   2.575679e-05   2.575679e-05   2.764210e-05   2.764210e-05   2.764210e-05   2.764210e-05
   1.000000e-02  -7.108457e-06   5.155420e-05   1.893255e-03  -1.900267e-03  -1.958930e-03   2.006508e-03   2.305045e-04  -9.167419e-05   8.122822e-05   8.122822e-05   8.122822e-05   8.122822e-05   8.657927e-05   8.657927e-05   8.657927e-05   8.657927e-05
   1.000000e-01   3.735635e-04  -3.779637e-04   5.871503e-03  -5.925588e-03  -6.465486e-03   6.094829e-03   1.248646e-04   5.656489e-04   2.621300e-04   2.621300e-04   2.621300e-04   2.621300e-04   2.674136e-04   2.674136e-04   2.674136e-04   2.674136e-04
   1.000000e+00   2.603371e-04   8.683253e-04   1.962270e-02  -1.874372e-02  -1.905449e-02   2.109008e-02  -6.228126e-04  -4.055584e-04   8.415675e-04   8.415675e-04   8.415675e-04   8.415675e-04   8.401003e-04   8.401003e-04   8.401003e-04   8.401003e-04
   1.000000e+01   5.537872e-03   1.638692e-03   6.367686e-02  -6.925197e-02  -6.294499e-02   5.943991e-02  -6.316837e-03  -1.614636e-03   2.685369e-03   2.685369e-03   2.685369e-03   2.685369e-03   2.685378e-03   2.685378e-03   2.685378e-03   2.685378e-03
   19   19      -9.000000      -9.000000
    5
   1.000000e-03   4.946451e-05  -1.082674e-04   5.919775e-04  -5.945690e-04  -6.631164e-04   6.626950e-04  -1.456114e-05   1.231365e-05   2.533131e-05   2.533131e-05   2.533131e-05   2.533131e-05   2.746726e-05   2.746726e-05   2.746726e-05   2.746726e-05
   1.000000e-02   1.430726e-04  -8.007560e-05   1.944738e-03  -1.872991e-03  -2.078448e-03   1.956021e-03  -1.519451e-04   1.508275e-05   7.989919e-05   7.989919e-05   7.989919e-05   7.989919e-05   8.621700e-05   8.621700e-05   8.621700e-05   8.621700e-05
   1.000000e-01   5.070464e-04   3.214908e-04   5.809838e-03  -6.445481e-03  -6.077478e-03   6.235765e-03  -3.946978e-04   2.947552e-04   2.592219e-04   2.592219e-04   2.592219e-04   2.592219e-04   2.679504e-04   2.679504e-04   2.679504e-04   2.679504e-04
   1.000000e+00   5.736325e-04   2.877825e-04   2.039190e-02  -2.042806e-02  -2.064864e-02   1.897394e-02   1.116900e-04   3.026644e-03   8.431041e-04   8.431041e-04   8.431041e-04   8.431041e-04   8.397386e-04   8.397386e-04   8.397386e-04   8.397386e-04
   1.000000e+01   9.807263e-04  -2.865507e-05   6.448526e-02  -6.203455e-02  -6.807357e-02   6.753002e-02   6.351342e-05   2.120319e-03   2.685343e-03   2.685343e-03   2.685343e-03   2.685343e-03   2.685379e-03   2.685379e-03   2.685379e-03   2.685379e-03
   20   20      -9.000000      -5.000000
    5
   1.000000e-03   7.505908e-05  -6.158267e-05   5.738019e-04  -5.931531e-04  -5.795338e-04   6.446916e-04  -4.719884e-05  -1.688578e-05   2.473423e-05   2.473423e-05   2.473423e-05   2.473423e-05   2.700652e-05   2.700652e-05   2.700652e-05   2.700652e-05
   1.000000e-02   1.777840e-04  -4.475377e-05   1.773173e-03  -1.957508e-03  -1.862576e-03   1.856116e-03  -2.202625e-04   1.174728e-04   7.824711e-05   7.824711e-05   7.824711e-05   7.824711e-05   8.522173e-05   8.522173e-05   8.522173e-05   8.522173e-05
   1.000000e-01   4.005140e-04   3.163816e-04   6.261221e-03  -6.440119e-03  -6.594550e-03   6.163050e-03  -3.472950e-04   1.025539e-04   2.566989e-04   2.566989e-04   2.566989e-04   2.566989e-04   2.684417e-04   2.684417e-04   2.684417e-04   2.684417e-04
   1.000000e+00  -4.266827e-04  -1.518563e-03   1.923132e-02  -2.084066e-02  -2.055822e-02   1.816179e-02  -4.568828e-04  -6.941086e-04   8.444940e-04   8.444940e-04   8.444940e-04   8.444940e-04   8.393573e-04   8.393573e-04   8.393573e-04   8.393573e-04
   1.000000e+01   1.818334e-03  -4.338779e-03   5.986250e-02  -6.590591e-02  -6.349934e-02   6.609795e-02   5.292973e-03  -1.258485e-03   2.685325e-03   2.685325e-03   2.685325e-03   2.685325e-03   2.685380e-03   2.685380e-03   2.685380e-03   2.685380e-03
   21   21      -9.000000       5.000000
    5
   1.000000e-03   7.418953e-06  -9.769377e-05   5.204993e-04  -5.483588e-04  -6.245764e-04   5.782837e-04  -1.146398e-04   4.840687e-05   2.351770e-05   2.351770e-05   2.351770e-05   2.351770e-05   2.539699e-05   2.539699e-05   2.539699e-05   2.539699e-05
   1.000000e-02   1.703116e-04  -6.971638e-05   1.792163e-03  -1.892727e-03  -1.942728e-03   1.849210e-03  -1.690532e-04   1.117350e-04   7.554345e-05   7.554345e-05   7.554345e-05   7.554345e-05   8.157916e-05   8.157916e-05   8.157916e-05   8.157916e-05
   1.000000e-01  -1.996831e-04   6.716564e-05   5.699264e-03  -6.899460e-03  -6.211073e-03   6.006339e-03  -6.521960e-04  -4.266044e-05   2.569814e-04   2.569814e-04   2.569814e-04   2.569814e-04   2.681338e-04   2.681338e-04   2.681338e-04   2.681338e-04
   1.000000e+00   3.621501e-04  -1.345487e-04   2.099780e-02  -2.016694e-02  -1.900347e-02   1.907894e-02   3.148062e-04  -6.024876e-04   8.445115e-04   8.445115e-04   8.445115e-04   8.445115e-04   8.394266e-04   8.394266e-04   8.394266e-04   8.394266e-04
   1.000000e+01   3.162204e-03   1.268757e-04   6.103338e-02  -5.892011e-02  -6.266809e-02   6.681514e-02   2.946948e-03  -1.685572e-04   2.685326e-03   2.685326e-03   2.685326e-03   2.685326e-03   2.685380e-03   2.685380e-03   2.685380e-03   2.685380e-03
   22   22      -9.000000       9.000000
    5
   1.000000e-03   1.859206e-05  -5.937196e-05   5.666080e-04  -5.603852e-04  -6.081892e-04   6.207977e-04  -3.993631e-05   6.629153e-05   2.343043e-05   2.343043e-05   2.343043e-05   2.343043e-05   2.503730e-05   2.503730e-05   2.503730e-05   2.503730e-05
   1.000000e-02   2.134447e-04  -1.743568e-04   1.716560e-03  -1.747557e-03  -1.859779e-03   1.867354e-03  -2.492566e-04   2.083780e-04   7.565236e-05   7.565236e-05   7.565236e-05   7.565236e-05   8.071500e-05   8.071500e-05   8.071500e-05   8.071500e-05
   1.000000e-01  -8.844562e-05  -2.769201e-04   5.658719e-03  -6.709563e-03  -6.292389e-03   6.688285e-03  -7.267622e-04  -5.490166e-05   2.595395e-04   2.595395e-04   2.595395e-04   2.595395e-04   2.675446e-04   2.675446e-04   2.675446e-04   2.675446e-04
   1.000000e+00  -1.808944e-04   7.363540e-04   2.017997e-02  -1.980742e-02  -1.906594e-02   1.975234e-02  -5.608648e-04  -5.351405e-04   8.431677e-04   8.431677e-04   8.431677e-04   8.431677e-04   8.398641e-04   8.398641e-04   8.398641e-04   8.398641e-04
   1.000000e+01   9.325113e-04  -6.911603e-04   5.815315e-02  -6.071838e-02  -6.097297e-02   6.437804e-02   4.525667e-04   2.157767e-03   2.685343e-03   2.685343e-03   2.685343e-03   2.685343e-03   2.685378e-03   2.685378e-03   2.685378e-03   2.685378e-03
   23   23      -9.000000      13.000000
    5
   1.000000e-03   9.010545e-06  -2.124596e-05   5.382385e-04  -5.811780e-04  -5.819607e-04   6.097559e-04  -6.538508e-05   6.261507e-05   2.367178e-05   2.367178e-05   2.367178e-05   2.367178e-05   2.505956e-05   2.505956e-05   2.505956e-05   2.505956e-05
   1.000000e-02   3.370280e-05  -8.995780e-06   1.692895e-03  -1.924614e-03  -1.825641e-03   1.908234e-03  -2.590159e-04   1.308694e-04   7.657535e-05   7.657535e-05   7.657535e-05   7.657535e-05   8.075934e-05   8.075934e-05   8.075934e-05   8.075934e-05
   1.000000e-01   2.053984e-04   3.780377e-05   5.731158e-03  -6.216841e-03  -6.412948e-03   7.044296e-03  -5.302733e-04  -3.575334e-04   2.625700e-04   2.625700e-04   2.625700e-04   2.625700e-04   2.672921e-04   2.672921e-04   2.672921e-04   2.672921e-04
   1.000000e+00   1.021755e-03   3.565313e-04   1.895448e-02  -1.938743e-02  -2.076518e-02   1.815687e-02   1.299417e-03   1.360008e-03   8.415840e-04   8.415840e-04   8.415840e-04   8.415840e-04   8.401401e-04   8.401401e-04   8.401401e-04   8.401401e-04
   1.000000e+01   4.506289e-04   4.007601e-03   6.574317e-02  -6.476559e-02  -5.845291e-02   6.058996e-02   1.281495e-03  -1.941185e-03   2.685369e-03   2.685369e-03   2.685369e-03   2.685369e-03   2.685378e-03   2.685378e-03   2.685378e-03   2.685378e-03
   24   24      -9.000000      17.000000
    5
   1.000000e-03   3.479514e-05  -1.493651e-05   4.935013e-04  -5.420612e-04  -6.452973e-04   5.855655e-04  -1.299888e-05  -5.131440e-05   2.414283e-05   2.414283e-05   2.414283e-05   2.414283e-05   2.541150e-05   2.541150e-05   2.541150e-05   2.541150e-05
   1.000000e-02   7.623933e-05  -2.056364e-05   1.781590e-03  -1.926957e-03  -2.012019e-03   1.932278e-03   4.453479e-05  -1.174510e-05   7.799686e-05   7.799686e-05   7.799686e-05   7.799686e-05   8.160302e-05   8.160302e-05   8.160302e-05   8.160302e-05
   1.000000e-01   3.023791e-04   3.383742e-04   6.111795e-03  -6.284920e-03  -5.873603e-03   6.186363e-03  -4.318436e-04   2.968205e-04   2.651536e-04   2.651536e-04   2.651536e-04   2.651536e-04   2.673949e-04   2.673949e-04   2.673949e-04   2.673949e-04
   1.000000e+00  -3.733120e-04  -3.839581e-04   1.980814e-02  -1.941136e-02  -2.006213e-02   1.850041e-02  -2.004059e-04   4.457729e-04   8.404945e-04   8.404945e-04   8.404945e-04   8.404945e-04   8.402092e-04   8.402092e-04   8.402092e-04   8.402092e-04
   1.000000e+01   2.621549e-03   3.121516e-04   6.047794e-02  -6.263419e-02  -6.323588e-02   6.544923e-02  -2.694535e-03   5.708518e-03   2.685379e-03   2.685379e-03   2.685379e-03   2.685379e-03   2.685379e-03   2.685379e-03   2.685379e-03   2.685379e-03
   25   25      -5.000000     -17.000000
    5
   1.000000e-03   3.166925e-05  -2.639668e-05   5.732531e-04  -5.691210e-04  -6.782775e-04   6.219716e-04   4.190336e-05  -2.026995e-05   2.490499e-05   2.490499e-05   2.490499e-05   2.490499e-05   2.712706e-05   2.712706e-05   2.712706e-05   2.712706e-05
   1.000000e-02   1.455300e-04  -2.552220e-05   1.993462e-03  -1.811187e-03  -1.986497e-03   1.840075e-03   2.161453e-04  -3.535949e-05   7.956394e-05   7.956394e-05   7.956394e-05   7.956394e-05   8.539483e-05   8.539483e-05   8.539483e-05   8.539483e-05
   1.000000e-01   5.240375e-04   4.895814e-04   6.273545e-03  -7.038847e-03  -6.335106e-03   6.299202e-03  -1.763764e-05  -1.939903e-04   2.640891e-04   2.640891e-04   2.640891e-04   2.640891e-04   2.669132e-04   2.669132e-04   2.669132e-04   2.669132e-04
   1.000000e+00  -2.588927e-04   6.453347e-04   2.089911e-02  -1.926182e-02  -2.066550e-02   1.934907e-02  -9.039735e-04   1.476502e-03   8.407405e-04   8.407405e-04   8.407405e-04   8.407405e-04   8.403103e-04   8.403103e-04   8.403103e-04   8.403103e-04
   1.000000e+01   1.886958e-03   3.533375e-03   5.857470e-02  -6.573955e-02  -6.287551e-02   6.461355e-02  -2.675740e-03   1.133088e-04   2.685379e-03   2.685379e-03   2.685379e-03   2.685379e-03   2.685379e-03   2.685379e-03   2.685379e-03   2.685379e-03
   26   26      -5.000000     -13.000000
    5
   1.000000e-03   3.541666e-05  -8.618571e-05   5.293668e-04  -5.412626e-04  -6.022814e-04   6.509820e-04   1.964154e-05  -1.092002e-06   2.425327e-05   2.425327e-05   2.425327e-05   2.425327e-05   2.719465e-05   2.719465e-05   2.719465e-05   2.719465e-05
   1.000000e-02   4.012817e-05  -1.779765e-04   1.790690e-03  -1.872213e-03  -1.980456e-03   1.940578e-03  -7.262322e-05   1.292550e-04   7.769064e-05   7.769064e-05   7.769064e-05   7.769064e-05   8.555290e-05   8.555290e-05   8.555290e-05   8.555290e-05
   1.000000e-01   6.565205e-04   1.520740e-04   6.425190e-03  -6.478032e-03  -6.223462e-03   6.301335e-03  -9.975426e-05   2.889071e-04   2.610462e-04   2.610462e-04   2.610462e-04   2.610462e-04   2.672914e-04   2.672914e-04   2.672914e-04   2.672914e-04
   1.000000e+00   9.535808e-04  -4.691070e-04   2.028685e-02  -2.024086e-02  -2.006334e-02   1.908190e-02  -5.191475e-04  -1.594757e-03   8.421939e-04   8.421939e-04   8.421939e-04   8.421939e-04   8.400433e-04   8.400433e-04   8.400433e-04   8.400433e-04
   1.000000e+01   3.772431e-03   1.105381e-03   6.461176e-02  -6.348509e-02  -5.803543e-02   6.229012e-02  -3.582132e-03   3.278017e-03   2.685364e-03   2.685364e-03   2.685364e-03   2.685364e-03   2.685378e-03   2.685378e-03   2.685378e-03   2.685378e-03
   27   27      -5.000000      -9.000000
    5
   1.000000e-03   5.964328e-05  -2.853004e-05   5.471369e-04  -5.228767e-04  -6.025637e-04   6.491805e-04   1.756236e-05   3.264731e-05   2.340801e-05   2.340801e-05   2.340801e-05   2.340801e-05   2.705181e-05   2.705181e-05   2.705181e-05   2.705181e-05
   1.000000e-02   1.942825e-04  -1.427751e-04   1.838318e-03  -2.005117e-03  -2.123999e-03   1.999619e-03  -4.101965e-05   9.858791e-05   7.532259e-05   7.532259e-05   7.532259e-05   7.532259e-05   8.525197e-05   8.525197e-05   8.525197e-05   8.525197e-05
   1.000000e-01   5.715544e-05  -1.930227e-04   5.027591e-03  -6.629181e-03  -5.801345e-03   6.391938e-03  -4.548425e-04  -1.552194e-04   2.572326e-04   2.572326e-04   2.572326e-04   2.572326e-04   2.677834e-04   2.677834e-04   2.677834e-04   2.677834e-04
   1.000000e+00  -2.524018e-04  -1.408709e-03   1.945716e-02  -1.948172e-02  -2.031864e-02   1.893774e-02   6.197995e-04  -1.261108e-03   8.444263e-04   8.444263e-04   8.444263e-04   8.444263e-04   8.395900e-04   8.395900e-04   8.395900e-04   8.395900e-04
   1.000000e+01   6.950191e-04  -3.681950e-03   6.475061e-02  -6.700065e-02  -6.226367e-02   6.557578e-02  -1.142122e-03   4.971066e-04   2.685325e-03   2.685325e-03   2.685325e-03   2.685325e-03   2.685378e-03   2.685378e-03   2.685378e-03   2.685378e-03
   28   28      -5.000000      -5.000000
    5
   1.000000e-03   8.999175e-05  -5.282011e-05   5.703177e-04  -5.713682e-04  -6.429625e-04   6.462514e-04  -6.958236e-05   7.413934e-05   2.257044e-05   2.257044e-05   2.257044e-05   2.257044e-05   2.675594e-05   2.675594e-05   2.675594e-05   2.675594e-05
   1.000000e-02   1.464700e-04  -2.217739e-04   1.654712e-03  -1.787240e-03  -2.071861e-03   2.038906e-03  -1.401357e-04   2.877386e-04   7.305946e-05   7.305946e-05   7.305946e-05   7.305946e-05   8.463649e-05   8.463649e-05   8.463649e-05   8.463649e-05
   1.000000e-01   2.300567e-04   1.021993e-04   5.372612e-03  -6.383050e-03  -6.482975e-03   5.913283e-03   2.598476e-04  -1.025550e-05   2.539568e-04   2.539568e-04   2.539568e-04   2.539568e-04   2.683659e-04   2.683659e-04   2.683659e-04   2.683659e-04
   1.000000e+00  -1.098623e-03  -7.751234e-04   2.128767e-02  -2.022633e-02  -1.972109e-02   1.954506e-02   1.734374e-03   2.190104e-04   8.464093e-04   8.464093e-04   8.464093e-04   8.464093e-04   8.390502e-04   8.390502e-04   8.390502e-04   8.390502e-04
   1.000000e+01  -3.347052e-05   1.043204e-03   6.197813e-02  -6.259061e-02  -6.500604e-02   6.462444e-02  -3.764416e-03   3.262884e-03   2.685299e-03   2.685299e-03   2.685299e-03   2.685299e-03   2.685381e-03   2.685381e-03   2.685381e-03   2.685381e-03
   29   29      -5.000000       5.000000
    5
   1.000000e-03   5.842491e-05  -8.699569e-05   4.905226e-04  -5.339255e-04  -5.810082e-04   5.974245e-04  -1.172132e-04   1.235095e-04   2.188803e-05   2.188803e-05   2.188803e-05   2.188803e-05   2.564942e-05   2.564942e-05   2.564942e-05   2.564942e-05
   1.000000e-02   2.597774e-04  -2.045755e-04   1.530920e-03  -1.762198e-03  -1.937274e-03   1.878651e-03  -9.853928e-05   7.431559e-05   7.154729e-05   7.154729e-05   7.154729e-05   7.154729e-05   8.212739e-05   8.212739e-05   8.212739e-05   8.212739e-05
   1.000000e-01   9.503594e-04   1.064632e-04   5.744592e-03  -6.911707e-03  -6.170117e-03   6.278139e-03  -5.478873e-04  -1.254686e-04   2.541589e-04   2.541589e-04   2.541589e-04   2.541589e-04   2.681015e-04   2.681015e-04   2.681015e-04   2.681015e-04
   1.000000e+00  -2.243636e-05  -3.694503e-04   1.908251e-02  -1.891549e-02  -2.018499e-02   1.934144e-02  -3.614346e-05  -2.254836e-03   8.464344e-04   8.464344e-04   8.464344e-04   8.464344e-04   8.391094e-04   8.391094e-04   8.391094e-04   8.391094e-04
   1.000000e+01  -3.635117e-03   4.677810e-04   6.300304e-02  -6.258465e-02  -6.169722e-02   6.591609e-02   4.913378e-03   1.962606e-03   2.685299e-03   2.685299e-03   2.685299e-03   2.685299e-03   2.685381e-03   2.685381e-03   2.685381e-03   2.685381e-03
   30   30      -5.000000       9.000000
    5
   1.000000e-03   7.082819e-05  -4.888687e-05   5.194280e-04  -5.253109e-04  -6.022020e-04   6.139956e-04  -1.262596e-04   1.021522e-04   2.229945e-05   2.229945e-05   2.229945e-05   2.229945e-05   2.539226e-05   2.539226e-05   2.539226e-05   2.539226e-05
   1.000000e-02   1.988388e-04  -2.163399e-04   1.584774e-03  -1.860937e-03  -2.002482e-03   1.964569e-03  -4.034731e-04   1.485041e-04   7.284672e-05   7.284672e-05   7.284672e-05   7.284672e-05   8.148392e-05   8.148392e-05   8.148392e-05   8.148392e-05
   1.000000e-01   7.077183e-04  -1.139873e-04   5.961836e-03  -6.441059e-03  -6.436359e-03   6.560880e-03  -8.791056e-04  -1.362851e-05   2.574467e-04   2.574467e-04   2.574467e-04   2.574467e-04   2.674279e-04   2.674279e-04   2.674279e-04   2.674279e-04
   1.000000e+00   1.959375e-04   1.092599e-03   2.136129e-02  -2.052313e-02  -2.078400e-02   1.931668e-02   4.900593e-04   1.597435e-03   8.444811e-04   8.444811e-04   8.444811e-04   8.444811e-04   8.396844e-04   8.396844e-04   8.396844e-04   8.396844e-04
   1.000000e+01   1.535050e-04   4.112246e-03   6.390739e-02  -6.870333e-02  -6.698511e-02   6.375786e-02  -1.655913e-03  -1.173549e-03   2.685325e-03   2.685325e-03   2.685325e-03   2.685325e-03   2.685379e-03   2.685379e-03   2.685379e-03   2.685379e-03
   31   31      -5.000000      13.000000
    5
   1.000000e-03   6.453098e-05  -3.374040e-05   5.196149e-04  -5.295787e-04  -5.943473e-04   5.340856e-04  -5.918674e-05   2.246131e-05   2.299559e-05   2.299559e-05   2.299559e-05   2.299559e-05   2.545034e-05   2.545034e-05   2.545034e-05   2.545034e-05
   1.000000e-02   1.684397e-04  -2.787950e-04   1.706383e-03  -1.999656e-03  -1.947408e-03   1.870971e-03  -7.077938e-06   5.730396e-05   7.487819e-05   7.487819e-05   7.487819e-05   7.487819e-05   8.160589e-05   8.160589e-05   8.160589e-05   8.160589e-05
   1.000000e-01   1.678115e-04  -2.270376e-04   5.688722e-03  -5.825169e-03  -5.939888e-03   6.178680e-03  -2.606387e-04  -3.736449e-04   2.613087e-04   2.613087e-04   2.613087e-04   2.613087e-04   2.671204e-04   2.671204e-04   2.671204e-04   2.671204e-04
   1.000000e+00  -7.442468e-04   1.273529e-03   1.904240e-02  -2.057671e-02  -2.094544e-02   2.089418e-02   6.474399e-04  -2.008845e-04   8.422118e-04   8.422118e-04   8.422118e-04   8.422118e-04   8.400699e-04   8.400699e-04   8.400699e-04   8.400699e-04
   1.000000e+01  -2.496763e-04   7.158549e-03   6.146269e-02  -6.176944e-02  -6.419532e-02   6.594550e-02   8.343597e-04   1.348778e-03   2.685364e-03   2.685364e-03   2.685364e-03   2.685364e-03   2.685378e-03   2.685378e-03   2.685378e-03   2.685378e-03
   32   32      -5.000000      17.000000
    5
   1.000000e-03   4.002787e-05  -8.581222e-05   5.257987e-04  -6.194484e-04  -6.316382e-04   6.001788e-04  -3.145814e-05   2.527053e-05   2.378339e-05   2.378339e-05   2.378339e-05   2.378339e-05   2.575604e-05   2.575604e-05   2.575604e-05   2.575604e-05
   1.000000e-02   5.792974e-05  -1.167369e-04   1.627450e-03  -1.796674e-03  -1.858013e-03   2.075490e-03   1.077568e-04   1.695688e-04   7.707993e-05   7.707993e-05   7.707993e-05   7.707993e-05   8.234279e-05   8.234279e-05   8.234279e-05   8.234279e-05
   1.000000e-01  -1.399103e-05   1.385573e-04   6.392913e-03  -6.450028e-03  -6.276637e-03   6.477394e-03  -2.186131e-04  -1.573854e-04   2.645018e-04   2.645018e-04   2.645018e-04   2.645018e-04   2.671776e-04   2.671776e-04   2.671776e-04   2.671776e-04
   1.000000e+00   8.364045e-05   1.958814e-03   1.958478e-02  -1.878948e-02  -1.847203e-02   1.855385e-02  -9.370270e-04   8.054930e-04   8.406803e-04   8.406803e-04   8.406803e-04   8.406803e-04   8.402102e-04   8.402102e-04   8.402102e-04   8.402102e-04
   1.000000e+01  -8.979740e-03  -3.052246e-04   6.263055e-02  -6.739628e-02  -6.087820e-02   6.034303e-02   6.647467e-04   1.009258e-03   2.685379e-03   2.685379e-03   2.685379e-03   2.685379e-03   2.685379e-03   2.685379e-03   2.685379e-03   2.685379e-03
   33   33       5.000000     -17.000000
    5
   1.000000e-03   2.147940e-05  -5.279607e-05   5.681424e-04  -5.463656e-04  -5.788053e-04   6.237310e-04   5.287941e-06   2.682364e-05   2.378339e-05   2.378339e-05   2.378339e-05   2.378339e-05   2.575604e-05   2.575604e-05   2.575604e-05   2.575604e-05
   1.000000e-02   2.568370e-04  -2.219245e-04   1.852535e-03  -1.918695e-03  -2.021721e-03   2.046236e-03   1.315045e-04   1.326141e-04   7.707993e-05   7.707993e-05   7.707993e-05   7.707993e-05   8.234279e-05   8.234279e-05   8.234279e-05   8.234279e-05
   1.000000e-01   5.134458e-04   1.307186e-04   5.790781e-03  -6.400194e-03  -6.127372e-03   6.267621e-03  -5.579060e-04  -2.679304e-04   2.645018e-04   2.645018e-04   2.645018e-04   2.645018e-04   2.671776e-04   2.671776e-04   2.671776e-04   2.671776e-04
   1.000000e+00   2.016867e-03  -6.978591e-04   2.020760e-02  -2.004531e-02  -1.905658e-02   2.073383e-02  -5.835248e-04   7.422605e-05   8.406803e-04   8.406803e-04   8.406803e-04   8.406803e-04   8.402102e-04   8.402102e-04   8.402102e-04   8.402102e-04
   1.000000e+01  -1.962837e-03   2.215101e-03   6.046363e-02  -6.821238e-02  -6.431582e-02   6.357378e-02   8.284755e-04  -3.117847e-03   2.685379e-03   2.685379e-03   2.685379e-03   2.685379e-03   2.685379e-03   2.685379e-03   2.685379e-03   2.685379e-03
   34   34       5.000000     -13.000000
    5
   1.000000e-03   5.239464e-05  -7.653690e-05   5.368804e-04  -5.055193e-04  -5.912146e-04   5.888097e-04  -5.442315e-05   2.249230e-05   2.299559e-05   2.299559e-05   2.299559e-05   2.299559e-05   2.545034e-05   2.545034e-05   2.545034e-05   2.545034e-05
   1.000000e-02   3.085763e-04  -4.618850e-05   1.716623e-03  -1.810094e-03  -2.013626e-03   2.014511e-03  -6.830609e-05   1.828006e-04   7.487819e-05   7.487819e-05   7.487819e-05   7.487819e-05   8.160589e-05   8.160589e-05   8.160589e-05   8.160589e-05
   1.000000e-01   1.704751e-04   2.029893e-04   6.217148e-03  -6.248087e-03  -6.210184e-03   6.550925e-03  -1.150148e-04   1.080710e-04   2.613087e-04   2.613087e-04   2.613087e-04   2.613087e-04   2.671204e-04   2.671204e-04   2.671204e-04   2.671204e-04
   1.000000e+00   9.363161e-05  -2.962589e-04   2.035747e-02  -1.897714e-02  -2.101574e-02   1.992990e-02   9.804529e-05   1.218778e-03   8.422118e-04   8.422118e-04   8.422118e-04   8.422118e-04   8.400699e-04   8.400699e-04   8.400699e-04   8.400699e-04
   1.000000e+01  -3.326901e-03  -3.211263e-04   5.924586e-02  -6.881714e-02  -6.551347e-02   6.653423e-02  -1.469167e-04   3.433368e-03   2.685364e-03   2.685364e-03   2.685364e-03   2.685364e-03   2.685378e-03   2.685378e-03   2.685378e-03   2.685378e-03
   35   35       5.000000      -9.000000
    5
   1.000000e-03   3.392663e-05  -6.840774e-05   5.082343e-04  -5.102484e-04  -6.259940e-04   6.226948e-04  -7.286570e-05   8.897125e-05   2.229945e-05   2.229945e-05   2.229945e-05   2.229945e-05   2.539226e-05   2.539226e-05   2.539226e-05   2.539226e-05
   1.000000e-02   3.068392e-04  -1.226552e-04   1.616183e-03  -1.825446e-03  -1.910118e-03   1.707888e-03  -9.962346e-05   5.255034e-05   7.284672e-05   7.284672e-05   7.284672e-05   7.284672e-05   8.148392e-05   8.148392e-05   8.148392e-05   8.148392e-05
   1.000000e-01   4.801581e-04   3.569495e-04   5.647772e-03  -6.711330e-03  -6.647159e-03   6.618826e-03  -2.693528e-04   3.231497e-05   2.574467e-04   2.574467e-04   2.574467e-04   2.574467e-04   2.674279e-04   2.674279e-04   2.674279e-04   2.674279e-04
   1.000000e+00   1.011269e-05  -1.282003e-03   1.895992e-02  -1.961992e-02  -2.097944e-02   2.075895e-02   9.478796e-04  -2.494703e-06   8.444811e-04   8.444811e-04   8.444811e-04   8.444811e-04   8.396844e-04   8.396844e-04   8.396844e-04   8.396844e-04
   1.000000e+01   7.051289e-03   2.215327e-03   6.362734e-02  -6.112490e-02  -7.154049e-02   6.787903e-02  -3.353003e-04  -3.556280e-04   2.685325e-03   2.685325e-03   2.685325e-03   2.685325e-03   2.685379e-03   2.685379e-03   2.685379e-03   2.685379e-03
   36   36       5.000000      -5.000000
    5
   1.000000e-03   1.024849e-04  -8.223216e-05   5.427218e-04  -5.298006e-04  -6.190914e-04   5.638960e-04  -5.783725e-05   1.339935e-04   2.188803e-05   2.188803e-05   2.188803e-05   2.188803e-05   2.564942e-05   2.564942e-05   2.564942e-05   2.564942e-05
   1.000000e-02   1.622702e-04  -1.557109e-04   1.669726e-03  -1.598234e-03  -1.913248e-03   1.871660e-03  -3.605631e-04   1.033421e-04   7.154729e-05   7.154729e-05   7.154729e-05   7.154729e-05   8.212739e-05   8.212739e-05   8.212739e-05   8.212739e-05
   1.000000e-01   7.957820e-04   7.190053e-05   5.832630e-03  -6.510234e-03  -6.181129e-03   5.656313e-03  -1.203705e-03  -9.908339e-05   2.541589e-04   2.541589e-04   2.541589e-04   2.541589e-04   2.681015e-04   2.681015e-04   2.681015e-04   2.681015e-04
   1.000000e+00  -1.048270e-03   1.505329e-03   2.061399e-02  -2.018213e-02  -2.059439e-02   1.976999e-02   7.666551e-04  -1.583705e-03   8.464344e-04   8.464344e-04   8.464344e-04   8.464344e-04   8.391094e-04   8.391094e-04   8.391094e-04   8.391094e-04
   1.000000e+01  -4.972867e-05   2.846796e-03   6.307451e-02  -7.189071e-02  -6.401852e-02   6.697569e-02   1.517876e-03   6.133669e-03   2.685299e-03   2.685299e-03   2.685299e-03   2.685299e-03   2.685381e-03   2.685381e-03   2.685381e-03   2.685381e-03
   37   37       5.000000       5.000000
    5
   1.000000e-03   7.744385e-05  -6.965258e-05   5.621452e-04  -5.497951e-04  -6.048491e-04   6.188355e-04  -5.302839e-05   8.128758e-05   2.257044e-05   2.257044e-05   2.257044e-05   2.257044e-05   2.675594e-05   2.675594e-05   2.675594e-05   2.675594e-05
   1.000000e-02   4.113620e-04  -1.074080e-04   1.751863e-03  -1.808751e-03  -1.893417e-03   2.021819e-03  -1.039239e-04   2.872032e-05   7.305946e-05   7.305946e-05   7.305946e-05   7.305946e-05   8.463649e-05   8.463649e-05   8.463649e-05   8.463649e-05
   1.000000e-01   9.534321e-04  -2.556548e-04   5.598044e-03  -6.566073e-03  -5.867384e-03   6.471350e-03  -1.381527e-04   2.199220e-04   2.539568e-04   2.539568e-04   2.539568e-04   2.539568e-04   2.683659e-04   2.683659e-04   2.683659e-04   2.683659e-04
   1.000000e+00  -1.529680e-03  -7.502153e-04   1.993211e-02  -1.918513e-02  -2.072473e-02   1.960490e-02  -8.095235e-05   1.772114e-03   8.464093e-04   8.464093e-04   8.464093e-04   8.464093e-04   8.390502e-04   8.390502e-04   8.390502e-04   8.390502e-04
   1.000000e+01   2.530148e-04  -1.282067e-03   5.843926e-02  -6.257503e-02  -6.720349e-02   6.614456e-02  -9.096164e-04   2.028156e-03   2.685299e-03   2.685299e-03   2.685299e-03   2.685299e-03   2.685381e-03   2.685381e-03   2.685381e-03   2.685381e-03
   38   38       5.000000       9.000000
    5
   1.000000e-03   6.327137e-05  -7.639487e-05   5.295733e-04  -5.616240e-04  -5.962315e-04   6.317292e-04  -3.864832e-06   4.926852e-05   2.340801e-05   2.340801e-05   2.340801e-05   2.340801e-05   2.705181e-05   2.705181e-05   2.705181e-05   2.705181e-05
   1.000000e-02   3.164931e-04  -1.906629e-04   1.813635e-03  -1.860559e-03  -2.128566e-03   2.051934e-03  -2.015740e-04   1.268712e-04   7.532259e-05   7.532259e-05   7.532259e-05   7.532259e-05   8.525197e-05   8.525197e-05   8.525197e-05   8.525197e-05
   1.000000e-01   9.183523e-04   2.493876e-04   5.555945e-03  -6.481735e-03  -6.344329e-03   6.162773e-03  -1.762426e-04   6.608384e-04   2.572326e-04   2.572326e-04   2.572326e-04   2.572326e-04   2.677834e-04   2.677834e-04   2.677834e-04   2.677834e-04
   1.000000e+00   1.079840e-03   5.019593e-04   1.842844e-02  -1.917674e-02  -1.935654e-02   1.974731e-02  -8.268671e-04  -3.097796e-05   8.444263e-04   8.444263e-04   8.444263e-04   8.444263e-04   8.395900e-04   8.395900e-04   8.395900e-04   8.395900e-04
   1.000000e+01   3.150247e-03   3.680938e-03   6.213120e-02  -6.062461e-02  -6.085414e-02   6.211462e-02  -9.334671e-04   1.308990e-03   2.685325e-03   2.685325e-03   2.685325e-03   2.685325e-03   2.685378e-03   2.685378e-03   2.685378e-03   2.685378e-03
   39   39       5.000000      13.000000
    5
   1.000000e-03   6.598715e-05  -1.964929e-05   6.280366e-04  -5.967844e-04  -6.291918e-04   6.941995e-04   4.851637e-05  -8.547411e-06   2.425327e-05   2.425327e-05   2.425327e-05   2.425327e-05   2.719465e-05   2.719465e-05   2.719465e-05   2.719465e-05
   1.000000e-02   1.349224e-04  -1.995860e-04   1.786947e-03  -1.839214e-03  -1.914879e-03   2.129233e-03   8.844553e-05   1.389610e-05   7.769064e-05   7.769064e-05   7.769064e-05   7.769064e-05   8.555290e-05   8.555290e-05   8.555290e-05   8.555290e-05
   1.000000e-01   3.571173e-04   2.338514e-04   6.294938e-03  -6.531358e-03  -6.360846e-03   6.563180e-03  -7.536696e-04   1.758190e-04   2.610462e-04   2.610462e-04   2.610462e-04   2.610462e-04   2.672914e-04   2.672914e-04   2.672914e-04   2.672914e-04
   1.000000e+00   4.398524e-04  -6.360454e-04   1.927570e-02  -2.163264e-02  -1.986116e-02   2.036935e-02  -1.021679e-03   6.123556e-04   8.421939e-04   8.421939e-04   8.421939e-04   8.421939e-04   8.400433e-04   8.400433e-04   8.400433e-04   8.400433e-04
   1.000000e+01  -2.820171e-04  -4.147035e-03   6.327075e-02  -6.099250e-02  -5.835610e-02   6.035889e-02   5.363860e-03   1.747460e-03   2.685364e-03   2.685364e-03   2.685364e-03   2.685364e-03   2.685378e-03   2.685378e-03   2.685378e-03   2.685378e-03
   40   40       5.000000      17.000000
    5
   1.000000e-03   5.084332e-05  -6.438887e-05   5.818496e-04  -5.854660e-04  -6.811177e-04   6.834220e-04   6.231371e-05   2.362975e-05   2.490499e-05   2.490499e-05   2.490499e-05   2.490499e-05   2.712706e-05   2.712706e-05   2.712706e-05   2.712706e-05
   1.000000e-02   1.107921e-04  -8.366548e-05   1.881307e-03  -1.990991e-03  -2.129876e-03   2.009970e-03   1.157105e-04  -5.680522e-06   7.956394e-05   7.956394e-05   7.956394e-05   7.956394e-05   8.539483e-05   8.539483e-05   8.539483e-05   8.539483e-05
   1.000000e-01   1.480404e-04   1.482009e-04   5.699285e-03  -6.387908e-03  -6.303729e-03   6.070876e-03  -1.246468e-04   5.258990e-06   2.640891e-04   2.640891e-04   2.640891e-04   2.640891e-04   2.669132e-04   2.669132e-04   2.669132e-04   2.669132e-04
   1.000000e+00   1.055403e-03  -1.488615e-03   1.822166e-02  -1.895218e-02  -2.020509e-02   1.897620e-02   1.946439e-03  -1.327902e-03   8.407405e-04   8.407405e-04   8.407405e-04   8.407405e-04   8.403103e-04   8.403103e-04   8.403103e-04   8.403103e-04
   1.000000e+01  -2.461594e-03   4.648513e-05   5.723566e-02  -6.743012e-02  -6.482816e-02   6.367100e-02   5.396865e-04  -2.388551e-03   2.685379e-03   2.685379e-03   2.685379e-03   2.685379e-03   2.685379e-03   2.685379e-03   2.685379e-03   2.685379e-03
   41   41       9.000000     -17.000000
    5
   1.000000e-03   1.327776e-05  -5.198290e-05   5.495606e-04  -5.655163e-04  -5.334632e-04   6.547650e-04   7.842796e-06  -2.052526e-05   2.414283e-05   2.414283e-05   2.414283e-05   2.414283e-05   2.541150e-05   2.541150e-05   2.541150e-05   2.541150e-05
   1.000000e-02   1.313398e-04  -2.640123e-05   1.889171e-03  -1.915145e-03  -1.954696e-03   1.845627e-03  -1.256814e-04   2.990000e-05   7.799686e-05   7.799686e-05   7.799686e-05   7.799686e-05   8.160302e-05   8.160302e-05   8.160302e-05   8.160302e-05
   1.000000e-01   3.921661e-04  -1.297454e-04   6.175899e-03  -6.951162e-03  -5.963863e-03   6.439737e-03   7.109860e-05  -1.780133e-04   2.651536e-04   2.651536e-04   2.651536e-04   2.651536e-04   2.673949e-04   2.673949e-04   2.673949e-04   2.673949e-04
   1.000000e+00   1.187208e-03   1.262967e-05   1.984518e-02  -1.870228e-02  -1.955093e-02   1.831540e-02   9.298235e-04  -1.071416e-03   8.404945e-04   8.404945e-04   8.404945e-04   8.404945e-04   8.402092e-04   8.402092e-04   8.402092e-04   8.402092e-04
   1.000000e+01   1.301065e-03  -2.604198e-03   5.692395e-02  -6.643544e-02  -6.527506e-02   6.146751e-02  -6.125932e-03   1.460998e-03   2.685379e-03   2.685379e-03   2.685379e-03   2.685379e-03   2.685379e-03   2.685379e-03   2.685379e-03   2.685379e-03
   42   42       9.000000     -13.000000
    5
   1.000000e-03   2.503553e-05  -6.115320e-05   5.513486e-04  -5.681841e-04  -5.735195e-04   5.452156e-04  -2.418007e-05   3.732244e-05   2.367178e-05   2.367178e-05   2.367178e-05   2.367178e-05   2.505956e-05   2.505956e-05   2.505956e-05   2.505956e-05
   1.000000e-02   1.340973e-04  -1.034166e-04   1.838100e-03  -1.829264e-03  -1.788891e-03   1.911628e-03  -2.760767e-04   5.368877e-05   7.657535e-05   7.657535e-05   7.657535e-05   7.657535e-05   8.075934e-05   8.075934e-05   8.075934e-05   8.075934e-05
   1.000000e-01   2.023932e-04  -8.735897e-05   5.719761e-03  -6.562308e-03  -6.106352e-03   6.301168e-03  -4.707642e-04  -1.338319e-04   2.625700e-04   2.625700e-04   2.625700e-04   2.625700e-04   2.672921e-04   2.672921e-04   2.672921e-04   2.672921e-04
   1.000000e+00   3.678471e-04  -8.974046e-04   2.175026e-02  -1.965219e-02  -1.886375e-02   1.979828e-02   3.906178e-04  -9.499755e-05   8.415840e-04   8.415840e-04   8.415840e-04   8.415840e-04   8.401401e-04   8.401401e-04   8.401401e-04   8.401401e-04
   1.000000e+01   3.000779e-03  -1.888207e-05   6.195971e-02  -6.329765e-02  -6.215092e-02   6.106156e-02  -4.196129e-03   1.560885e-03   2.685369e-03   2.685369e-03   2.685369e-03   2.685369e-03   2.685378e-03   2.685378e-03   2.685378e-03   2.685378e-03
   43   43       9.000000      -9.000000
    5
   1.000000e-03   4.818090e-05  -2.675301e-05   5.708114e-04  -6.174498e-04  -5.808788e-04   5.999694e-04  -1.685437e-05   2.194460e-05   2.343043e-05   2.343043e-05   2.343043e-05   2.343043e-05   2.503730e-05   2.503730e-05   2.503730e-05   2.503730e-05
   1.000000e-02   1.000915e-04  -9.050711e-05   1.685210e-03  -1.764846e-03  -1.923752e-03   1.961431e-03  -3.018349e-04   6.494521e-05   7.565236e-05   7.565236e-05   7.565236e-05   7.565236e-05   8.071500e-05   8.071500e-05   8.071500e-05   8.071500e-05
   1.000000e-01   2.318463e-04   3.941838e-04   5.817484e-03  -6.341393e-03  -6.550705e-03   6.007550e-03  -4.210294e-04   1.306924e-04   2.595395e-04   2.595395e-04   2.595395e-04   2.595395e-04   2.675446e-04   2.675446e-04   2.675446e-04   2.675446e-04
   1.000000e+00   4.372642e-04  -4.525722e-04   1.958527e-02  -1.999794e-02  -1.920315e-02   2.190813e-02  -1.417757e-03  -1.533647e-03   8.431677e-04   8.431677e-04   8.431677e-04   8.431677e-04   8.398641e-04   8.398641e-04   8.398641e-04   8.398641e-04
   1.000000e+01  -3.117005e-03   8.462107e-04   6.543327e-02  -6.241106e-02  -6.258646e-02   6.549679e-02  -2.010155e-03  -2.144705e-03   2.685343e-03   2.685343e-03   2.685343e-03   2.685343e-03   2.685378e-03   2.685378e-03   2.685378e-03   2.685378e-03
   44   44       9.000000      -5.000000
    5
   1.000000e-03   6.728577e-05  -6.485143e-06   5.149102e-04  -5.730045e-04  -6.023167e-04   5.978884e-04  -7.887976e-05   3.778843e-05   2.351770e-05   2.351770e-05   2.351770e-05   2.351770e-05   2.539699e-05   2.539699e-05   2.539699e-05   2.539699e-05
   1.000000e-02   2.267630e-04  -3.240873e-04   1.694366e-03  -1.791203e-03  -1.775175e-03   1.998222e-03  -2.186960e-04   1.121752e-04   7.554345e-05   7.554345e-05   7.554345e-05   7.554345e-05   8.157916e-05   8.157916e-05   8.157916e-05   8.157916e-05
   1.000000e-01   7.367727e-04   4.547358e-04   5.849585e-03  -6.467241e-03  -6.217526e-03   6.243278e-03  -7.821249e-04  -2.223718e-04   2.569814e-04   2.569814e-04   2.569814e-04   2.569814e-04   2.681338e-04   2.681338e-04   2.681338e-04   2.681338e-04
   1.000000e+00  -6.907213e-04  -6.874014e-04   1.808634e-02  -2.109308e-02  -2.046712e-02   2.029282e-02  -2.128698e-04   1.536328e-03   8.445115e-04   8.445115e-04   8.445115e-04   8.445115e-04   8.394266e-04   8.394266e-04   8.394266e-04   8.394266e-04
   1.000000e+01   6.965178e-03   3.788126e-04   5.904360e-02  -6.403742e-02  -6.228034e-02   5.990898e-02  -1.501709e-03  -2.059888e-03   2.685326e-03   2.685326e-03   2.685326e-03   2.685326e-03   2.685380e-03   2.685380e-03   2.685380e-03   2.685380e-03
   45   45       9.000000       5.000000
    5
   1.000000e-03   2.141427e-06  -6.613608e-05   5.993594e-04  -6.184906e-04  -6.093615e-04   6.544655e-04  -6.829307e-05   7.857421e-05   2.473423e-05   2.473423e-05   2.473423e-05   2.473423e-05   2.700652e-05   2.700652e-05   2.700652e-05   2.700652e-05
   1.000000e-02   8.651113e-05  -1.941307e-04   1.706053e-03  -1.807404e-03  -2.046591e-03   1.998900e-03  -9.155582e-05   2.017744e-04   7.824711e-05   7.824711e-05   7.824711e-05   7.824711e-05   8.522173e-05   8.522173e-05   8.522173e-05   8.522173e-05
   1.000000e-01   8.244528e-05  -2.072804e-04   5.977092e-03  -6.367021e-03  -6.658140e-03   6.150996e-03  -3.328634e-04  -5.313466e-05   2.566989e-04   2.566989e-04   2.566989e-04   2.566989e-04   2.684417e-04   2.684417e-04   2.684417e-04   2.684417e-04
   1.000000e+00   9.189146e-05  -4.720807e-04   2.024416e-02  -1.906886e-02  -2.005369e-02   2.131906e-02   5.913605e-04   9.233083e-04   8.444940e-04   8.444940e-04   8.444940e-04   8.444940e-04   8.393573e-04   8.393573e-04   8.393573e-04   8.393573e-04
   1.000000e+01   1.618825e-04   4.498964e-03   6.127483e-02  -6.316179e-02  -6.115316e-02   6.679607e-02  -1.322736e-03  -9.594574e-03   2.685325e-03   2.685325e-03   2.685325e-03   2.685325e-03   2.685380e-03   2.685380e-03   2.685380e-03   2.685380e-03
   46   46       9.000000       9.000000
    5
   1.000000e-03   2.421379e-05  -3.025064e-05   6.044324e-04  -5.948203e-04  -6.863605e-04   5.930456e-04  -4.004334e-06  -5.197775e-05   2.533131e-05   2.533131e-05   2.533131e-05   2.533131e-05   2.746726e-05   2.746726e-05   2.746726e-05   2.746726e-05
   1.000000e-02   1.375490e-04  -1.240848e-04   2.015670e-03  -1.870736e-03  -2.079733e-03   1.890741e-03  -6.034782e-05   5.912890e-05   7.989919e-05   7.989919e-05   7.989919e-05   7.989919e-05   8.621700e-05   8.621700e-05   8.621700e-05   8.621700e-05
   1.000000e-01   3.016523e-04   8.443618e-06   5.667330e-03  -6.799934e-03  -6.524863e-03   6.372622e-03  -4.835463e-04   5.279519e-04   2.592219e-04   2.592219e-04   2.592219e-04   2.592219e-04   2.679504e-04   2.679504e-04   2.679504e-04   2.679504e-04
   1.000000e+00   1.452540e-03  -1.165379e-03   2.098008e-02  -2.098883e-02  -1.936962e-02   1.924599e-02   1.038365e-04   3.165174e-04   8.431041e-04   8.431041e-04   8.431041e-04   8.431041e-04   8.397386e-04   8.397386e-04   8.397386e-04   8.397386e-04
   1.000000e+01   1.082692e-04  -1.235959e-05   6.252559e-02  -6.799576e-02  -5.526394e-02   6.523330e-02  -7.163347e-04   1.281232e-03   2.685343e-03   2.685343e-03   2.685343e-03   2.685343e-03   2.685379e-03   2.685379e-03   2.685379e-03   2.685379e-03
   47   47       9.000000      13.000000
    5
   1.000000e-03   5.103632e-05  -6.359588e-05   5.833093e-04  -6.354904e-04  -6.975813e-04   6.603823e-04   3.936310e-05  -5.078949e-05   2.575679e-05   2.575679e-05   2.575679e-05   2.575679e-05   2.764210e-05   2.764210e-05   2.764210e-05   2.764210e-05
   1.000000e-02   2.159767e-04  -1.019149e-04   1.765309e-03  -1.975005e-03  -1.946384e-03   2.027885e-03   6.544627e-05  -1.715749e-04   8.122822e-05   8.122822e-05   8.122822e-05   8.122822e-05   8.657927e-05   8.657927e-05   8.657927e-05   8.657927e-05
   1.000000e-01   6.395958e-04   7.226021e-05   5.959838e-03  -6.412636e-03  -7.056553e-03   6.294125e-03  -2.127913e-04  -3.008126e-04   2.621300e-04   2.621300e-04   2.621300e-04   2.621300e-04   2.674136e-04   2.674136e-04   2.674136e-04   2.674136e-04
   1.000000e+00  -8.355322e-04  -1.025113e-03   2.023831e-02  -1.977218e-02  -2.141158e-02   1.967634e-02  -1.203031e-03  -2.948936e-05   8.415675e-04   8.415675e-04   8.415675e-04   8.415675e-04   8.401003e-04   8.401003e-04   8.401003e-04   8.401003e-04
   1.000000e+01   3.534036e-03   1.465968e-03   6.315600e-02  -6.491368e-02  -6.306991e-02   6.655095e-02   4.605912e-03   1.787034e-03   2.685369e-03   2.685369e-03   2.685369e-03   2.685369e-03   2.685378e-03   2.685378e-03   2.685378e-03   2.685378e-03
   48   48       9.000000      17.000000
    5
   1.000000e-03   3.030350e-05  -1.385897e-05   5.697126e-04  -5.715364e-04  -6.927499e-04   6.016629e-04   5.891959e-05  -6.865302e-05   2.596583e-05   2.596583e-05   2.596583e-05   2.596583e-05   2.748356e-05   2.748356e-05   2.748356e-05   2.748356e-05
   1.000000e-02   1.161483e-04  -9.798348e-05   1.890367e-03  -2.008327e-03  -2.034522e-03   2.032795e-03   1.310751e-04  -4.856263e-06   8.201835e-05   8.201835e-05   8.201835e-05   8.201835e-05   8.618865e-05   8.618865e-05   8.618865e-05   8.618865e-05
   1.000000e-01   2.707140e-04  -2.266573e-04   5.986152e-03  -6.336425e-03  -6.232747e-03   5.643444e-03   9.054584e-05   4.394219e-04   2.644434e-04   2.644434e-04   2.644434e-04   2.644434e-04   2.668751e-04   2.668751e-04   2.668751e-04   2.668751e-04
   1.000000e+00  -3.630909e-04   5.234288e-04   1.916542e-02  -1.907070e-02  -2.075891e-02   1.941075e-02  -7.459088e-04  -2.731827e-04   8.405897e-04   8.405897e-04   8.405897e-04   8.405897e-04   8.403496e-04   8.403496e-04   8.403496e-04   8.403496e-04
   1.000000e+01   1.365287e-04   2.467022e-03   6.464517e-02  -6.303188e-02  -6.492334e-02   6.415479e-02  -2.956658e-03  -1.334298e-03   2.685379e-03   2.685379e-03   2.685379e-03   2.685379e-03   2.685379e-03   2.685379e-03   2.685379e-03   2.685379e-03
   49   49      13.000000     -17.000000
    5
   1.000000e-03   2.549411e-05  -4.342641e-05   6.040631e-04  -5.825347e-04  -6.137182e-04   5.899032e-04  -2.295361e-05   5.114969e-05   2.475887e-05   2.475887e-05   2.475887e-05   2.475887e-05   2.530988e-05   2.530988e-05   2.530988e-05   2.530988e-05
   1.000000e-02  -1.469644e-05  -7.504484e-05   1.785298e-03  -1.988528e-03  -1.831391e-03   1.888373e-03  -8.682806e-05   2.276259e-04   7.952470e-05   7.952470e-05   7.952470e-05   7.952470e-05   8.142530e-05   8.142530e-05   8.142530e-05   8.142530e-05
   1.000000e-01  -2.232899e-04   5.876766e-05   5.934600e-03  -6.560473e-03  -6.248954e-03   6.724547e-03  -5.439779e-04   3.532191e-04   2.659473e-04   2.659473e-04   2.659473e-04   2.659473e-04   2.676564e-04   2.676564e-04   2.676564e-04   2.676564e-04
   1.000000e+00  -3.437932e-04   8.640310e-04   2.023618e-02  -1.911278e-02  -1.814923e-02   1.760927e-02   5.052396e-04  -2.233739e-04   8.402603e-04   8.402603e-04   8.402603e-04   8.402603e-04   8.402127e-04   8.402127e-04   8.402127e-04   8.402127e-04
   1.000000e+01  -7.663491e-04  -1.048685e-03   6.158056e-02  -6.081732e-02  -5.879119e-02   6.312728e-02  -4.783256e-04   1.373707e-03   2.685379e-03   2.685379e-03   2.685379e-03   2.685379e-03   2.685379e-03   2.685379e-03   2.685379e-03   2.685379e-03
   50   50      13.000000     -13.000000
    5
   1.000000e-03   7.718204e-06  -2.203906e-05   5.442551e-04  -6.373173e-04  -5.678260e-04   6.298858e-04  -7.792991e-05   5.556624e-05   2.464785e-05   2.464785e-05   2.464785e-05   2.464785e-05   2.501396e-05   2.501396e-05   2.501396e-05   2.501396e-05
   1.000000e-02   3.162655e-06  -7.286425e-05   1.725864e-03  -1.857921e-03  -1.866471e-03   1.976505e-03  -6.872140e-05   2.297536e-05   7.901243e-05   7.901243e-05   7.901243e-05   7.901243e-05   8.071714e-05   8.071714e-05   8.071714e-05   8.071714e-05
   1.000000e-01   2.885878e-04   1.162002e-05   5.978793e-03  -6.280308e-03  -6.165199e-03   6.320284e-03  -1.687839e-04   2.873625e-05   2.641844e-04   2.641844e-04   2.641844e-04   2.641844e-04   2.676000e-04   2.676000e-04   2.676000e-04   2.676000e-04
   1.000000e+00  -9.887796e-04   7.689645e-04   1.935785e-02  -1.912655e-02  -1.986398e-02   1.953577e-02   4.389852e-04  -7.183373e-04   8.407799e-04   8.407799e-04   8.407799e-04   8.407799e-04   8.401805e-04   8.401805e-04   8.401805e-04   8.401805e-04
   1.000000e+01  -2.166612e-03   6.919294e-04   6.357156e-02  -6.711825e-02  -6.022253e-02   6.510489e-02  -1.302896e-03  -3.185243e-03   2.685377e-03   2.685377e-03   2.685377e-03   2.685377e-03   2.685379e-03   2.685379e-03   2.685379e-03   2.685379e-03
   51   51      13.000000      -9.000000
    5
   1.000000e-03   2.366827e-05  -3.615710e-08   5.877563e-04  -5.831913e-04  -5.919290e-04   6.114844e-04  -7.898616e-06   5.110361e-05   2.483921e-05   2.483921e-05   2.483921e-05   2.483921e-05   2.503459e-05   2.503459e-05   2.503459e-05   2.503459e-05
   1.000000e-02   7.147515e-05  -9.730351e-05   1.832282e-03  -1.886030e-03  -1.823692e-03   1.768158e-03  -4.120312e-05   1.862833e-04   7.918348e-05   7.918348e-05   7.918348e-05   7.918348e-05   8.076355e-05   8.076355e-05   8.076355e-05   8.076355e-05
   1.000000e-01   1.504895e-04   9.591552e-06   5.876821e-03  -6.286399e-03  -6.230002e-03   6.339503e-03  -2.933129e-05  -2.303520e-04   2.622094e-04   2.622094e-04   2.622094e-04   2.622094e-04   2.677836e-04   2.677836e-04   2.677836e-04   2.677836e-04
   1.000000e+00   1.390563e-04  -5.645463e-04   2.013690e-02  -1.991011e-02  -1.977448e-02   1.950064e-02   7.952757e-04   9.008166e-05   8.415323e-04   8.415323e-04   8.415323e-04   8.415323e-04   8.400281e-04   8.400281e-04   8.400281e-04   8.400281e-04
   1.000000e+01  -1.456012e-03  -2.874854e-03   6.750616e-02  -6.300466e-02  -5.829476e-02   6.708227e-02   5.326447e-04  -2.883918e-03   2.685371e-03   2.685371e-03   2.685371e-03   2.685371e-03   2.685379e-03   2.685379e-03   2.685379e-03   2.685379e-03
   52   52      13.000000      -5.000000
    5
   1.000000e-03   3.504764e-05  -2.511756e-05   5.775449e-04  -5.798298e-04  -5.913033e-04   6.210906e-04  -9.209839e-05   9.785756e-05   2.533675e-05   2.533675e-05   2.533675e-05   2.533675e-05   2.540098e-05   2.540098e-05   2.540098e-05   2.540098e-05
   1.000000e-02   9.342051e-05   6.713818e-05   1.901282e-03  -1.934177e-03  -1.912412e-03   1.852079e-03  -2.367846e-04   1.287596e-04   8.009893e-05   8.009893e-05   8.009893e-05   8.009893e-05   8.161977e-05   8.161977e-05   8.161977e-05   8.161977e-05
   1.000000e-01   1.758201e-04   3.926205e-04   5.826183e-03  -6.125900e-03  -6.354952e-03   6.502796e-03  -3.460768e-04  -5.922401e-04   2.605583e-04   2.605583e-04   2.605583e-04   2.605583e-04   2.681791e-04   2.681791e-04   2.681791e-04   2.681791e-04
   1.000000e+00  -3.478648e-04   5.272382e-05   2.117479e-02  -1.932282e-02  -1.942057e-02   1.898059e-02   1.337170e-03  -9.723011e-05   8.421714e-04   8.421714e-04   8.421714e-04   8.421714e-04   8.397861e-04   8.397861e-04   8.397861e-04   8.397861e-04
   1.000000e+01  -4.289799e-04  -2.512822e-03   6.416545e-02  -6.624366e-02  -6.041384e-02   6.309139e-02   2.037684e-03  -4.686456e-03   2.685366e-03   2.685366e-03   2.685366e-03   2.685366e-03   2.685379e-03   2.685379e-03   2.685379e-03   2.685379e-03
   53   53      13.000000       5.000000
    5
   1.000000e-03  -7.898583e-06  -1.184282e-06   6.454301e-04  -5.979565e-04  -6.795283e-04   6.369267e-04  -1.411841e-05   3.690684e-05   2.683513e-05   2.683513e-05   2.683513e-05   2.683513e-05   2.704154e-05   2.704154e-05   2.704154e-05   2.704154e-05
   1.000000e-02  -4.362075e-05  -1.058271e-04   1.970891e-03  -1.970707e-03  -1.993889e-03   1.934077e-03  -1.042382e-04   8.909828e-05   8.342623e-05   8.342623e-05   8.342623e-05   8.342623e-05   8.530519e-05   8.530519e-05   8.530519e-05   8.530519e-05
   1.000000e-01   2.555785e-04  -1.270288e-04   5.550631e-03  -5.940316e-03  -6.017120e-03   6.308898e-03  -1.027367e-04  -2.662748e-04   2.602008e-04   2.602008e-04   2.602008e-04   2.602008e-04   2.682686e-04   2.682686e-04   2.682686e-04   2.682686e-04
   1.000000e+00  -3.172268e-04  -6.336991e-04   1.877330e-02  -1.855508e-02  -2.001122e-02   2.029019e-02   5.114834e-04   4.627566e-04   8.422101e-04   8.422101e-04   8.422101e-04   8.422101e-04   8.397946e-04   8.397946e-04   8.397946e-04   8.397946e-04
   1.000000e+01  -2.085501e-05  -1.167799e-04   6.298850e-02  -6.653852e-02  -6.396126e-02   6.356934e-02  -3.853497e-03   2.711659e-03   2.685366e-03   2.685366e-03   2.685366e-03   2.685366e-03   2.685379e-03   2.685379e-03   2.685379e-03   2.685379e-03
   54   54      13.000000       9.000000
    5
   1.000000e-03   3.605956e-05   2.269587e-06   6.449368e-04  -6.741943e-04  -6.196169e-04   6.548737e-04  -1.532170e-05  -3.972042e-06   2.712144e-05   2.712144e-05   2.712144e-05   2.712144e-05   2.753448e-05   2.753448e-05   2.753448e-05   2.753448e-05
   1.000000e-02   5.924180e-05  -1.061670e-05   2.026636e-03  -1.903459e-03  -1.963424e-03   2.147375e-03   1.285474e-05  -6.637483e-05   8.426085e-05   8.426085e-05   8.426085e-05   8.426085e-05   8.637467e-05   8.637467e-05   8.637467e-05   8.637467e-05
   1.000000e-01  -1.299257e-04  -2.042663e-04   6.106670e-03  -6.457154e-03  -6.051703e-03   6.383271e-03  -2.082402e-04   2.018004e-04   2.617161e-04   2.617161e-04   2.617161e-04   2.617161e-04   2.678454e-04   2.678454e-04   2.678454e-04   2.678454e-04
   1.000000e+00   6.727177e-04  -6.605070e-04   2.065838e-02  -2.111062e-02  -1.934404e-02   1.887877e-02   6.637360e-04  -5.700125e-06   8.415498e-04   8.415498e-04   8.415498e-04   8.415498e-04   8.400123e-04   8.400123e-04   8.400123e-04   8.400123e-04
   1.000000e+01   1.194525e-03   1.172632e-03   6.119955e-02  -6.316878e-02  -6.283042e-02   6.365549e-02   3.886927e-03   6.499570e-04   2.685370e-03   2.685370e-03   2.685370e-03   2.685370e-03   2.685379e-03   2.685379e-03   2.685379e-03   2.685379e-03
   55   55      13.000000      13.000000
    5
   1.000000e-03   7.648028e-05  -1.679564e-05   6.029732e-04  -6.199349e-04  -6.670607e-04   6.561370e-04   4.081935e-05   1.424348e-05   2.711050e-05   2.711050e-05   2.711050e-05   2.711050e-05   2.772545e-05   2.772545e-05   2.772545e-05   2.772545e-05
   1.000000e-02   7.556299e-05  -1.387100e-04   2.068542e-03  -1.951085e-03  -1.793290e-03   1.881886e-03   1.452310e-04   1.912895e-05   8.446785e-05   8.446785e-05   8.446785e-05   8.446785e-05   8.676436e-05   8.676436e-05   8.676436e-05   8.676436e-05
   1.000000e-01  -1.358161e-04  -1.939623e-04   6.177075e-03  -6.735806e-03  -5.975680e-03   6.456266e-03  -1.989649e-04   5.889069e-06   2.634697e-04   2.634697e-04   2.634697e-04   2.634697e-04   2.673361e-04   2.673361e-04   2.673361e-04   2.673361e-04
   1.000000e+00   3.417206e-04   1.658252e-04   1.974213e-02  -1.962964e-02  -2.124950e-02   1.875857e-02  -9.312005e-04  -3.221961e-04   8.408385e-04   8.408385e-04   8.408385e-04   8.408385e-04   8.402328e-04   8.402328e-04   8.402328e-04   8.402328e-04
   1.000000e+01  -5.308176e-03  -1.890570e-04   6.393677e-02  -6.475760e-02  -6.189922e-02   6.413766e-02   8.386635e-04  -3.442701e-03   2.685377e-03   2.685377e-03   2.685377e-03   2.685377e-03   2.685379e-03   2.685379e-03   2.685379e-03   2.685379e-03
   56   56      13.000000      17.000000
    5
   1.000000e-03   6.178355e-05   1.759630e-05   6.344930e-04  -6.438818e-04  -6.875452e-04   6.520065e-04   4.386250e-06  -6.192042e-05   2.691209e-05   2.691209e-05   2.691209e-05   2.691209e-05   2.757727e-05   2.757727e-05   2.757727e-05   2.757727e-05
   1.000000e-02   7.406894e-05  -3.111165e-05   2.031901e-03  -1.927252e-03  -2.039467e-03   2.033921e-03   1.124409e-04  -1.082933e-04   8.423013e-05   8.423013e-05   8.423013e-05   8.423013e-05   8.638334e-05   8.638334e-05   8.638334e-05   8.638334e-05
   1.000000e-01   2.688471e-04  -2.921253e-04   6.625714e-03  -5.835171e-03  -6.744888e-03   6.507448e-03  -9.836284e-05   3.145966e-04   2.649187e-04   2.649187e-04   2.649187e-04   2.649187e-04   2.667889e-04   2.667889e-04   2.667889e-04   2.667889e-04
   1.000000e+00   2.719274e-04   1.250336e-03   1.912115e-02  -1.845169e-02  -1.957253e-02   2.006337e-02   3.695474e-04   4.351119e-04   8.404025e-04   8.404025e-04   8.404025e-04   8.404025e-04   8.403914e-04   8.403914e-04   8.403914e-04   8.403914e-04
   1.000000e+01   2.494815e-03   7.131620e-04   6.251210e-02  -6.465000e-02  -6.389667e-02   6.200971e-02   9.953557e-05  -1.513549e-03   2.685379e-03   2.685379e-03   2.685379e-03   2.685379e-03   2.685379e-03   2.685379e-03   2.685379e-03   2.685379e-03
   57   57      17.000000     -17.000000
    5
   1.000000e-03   3.170607e-06   1.913291e-05   6.115441e-04  -5.988427e-04  -6.271934e-04   6.197130e-04   6.685836e-06   4.725334e-05   2.551672e-05   2.551672e-05   2.551672e-05   2.551672e-05   2.540122e-05   2.540122e-05   2.540122e-05   2.540122e-05
   1.000000e-02   4.826539e-05  -7.318467e-05   1.876716e-03  -1.891412e-03  -1.716466e-03   1.935162e-03  -2.231747e-04   8.289938e-05   8.138514e-05   8.138514e-05   8.138514e-05   8.138514e-05   8.168395e-05   8.168395e-05   8.168395e-05   8.168395e-05
   1.000000e-01  -4.491723e-05  -3.460482e-05   6.153100e-03  -6.133609e-03  -6.565194e-03   6.298464e-03  -2.206632e-04  -1.702684e-04   2.667162e-04   2.667162e-04   2.667162e-04   2.667162e-04   2.678684e-04   2.678684e-04   2.678684e-04   2.678684e-04
   1.000000e+00  -6.700431e-04   6.338468e-04   2.043943e-02  -2.040369e-02  -2.005759e-02   1.967062e-02   4.262628e-05   2.187834e-04   8.401314e-04   8.401314e-04   8.401314e-04   8.401314e-04   8.402235e-04   8.402235e-04   8.402235e-04   8.402235e-04
   1.000000e+01  -7.776151e-03   2.727486e-03   6.105466e-02  -6.506811e-02  -6.287130e-02   6.486256e-02   5.352789e-04   1.476745e-03   2.685379e-03   2.685379e-03   2.685379e-03   2.685379e-03   2.685379e-03   2.685379e-03   2.685379e-03   2.685379e-03
   58   58      17.000000     -13.000000
    5
   1.000000e-03   7.422255e-06   3.477465e-05   5.708689e-04  -5.718365e-04  -6.473600e-04   5.758472e-04  -7.473588e-05   4.278583e-05   2.568308e-05   2.568308e-05   2.568308e-05   2.568308e-05   2.521315e-05   2.521315e-05   2.521315e-05   2.521315e-05
   1.000000e-02  -1.041796e-04  -4.258306e-05   1.927238e-03  -1.918607e-03  -1.920789e-03   2.107332e-03  -5.915715e-05   1.556550e-04   8.159468e-05   8.159468e-05   8.159468e-05   8.159468e-05   8.123162e-05   8.123162e-05   8.123162e-05   8.123162e-05
   1.000000e-01   1.786628e-04  -3.415411e-04   6.359542e-03  -6.559843e-03  -6.556962e-03   6.799275e-03  -1.434466e-04  -5.443876e-04   2.657315e-04   2.657315e-04   2.657315e-04   2.657315e-04   2.678861e-04   2.678861e-04   2.678861e-04   2.678861e-04
   1.000000e+00  -3.607953e-04  -7.532432e-04   2.069841e-02  -1.930348e-02  -2.093985e-02   1.891864e-02  -5.527228e-04  -4.792040e-04   8.402220e-04   8.402220e-04   8.402220e-04   8.402220e-04   8.402026e-04   8.402026e-04   8.402026e-04   8.402026e-04
   1.000000e+01  -4.104301e-03   2.481711e-03   6.363225e-02  -6.001214e-02  -6.383967e-02   6.252516e-02  -5.413507e-06   1.336600e-03   2.685379e-03   2.685379e-03   2.685379e-03   2.685379e-03   2.685379e-03   2.685379e-03   2.685379e-03   2.685379e-03
   59   59      17.000000      -9.000000
    5
   1.000000e-03  -7.557099e-06  -4.739463e-06   5.992368e-04  -5.881382e-04  -5.910736e-04   5.937650e-04  -8.718826e-05   5.496994e-05   2.610508e-05   2.610508e-05   2.610508e-05   2.610508e-05   2.527028e-05   2.527028e-05   2.527028e-05   2.527028e-05
   1.000000e-02  -2.271288e-04   2.816111e-05   1.838778e-03  -1.926308e-03  -1.884547e-03   1.967008e-03  -2.913770e-04   9.025397e-05   8.239022e-05   8.239022e-05   8.239022e-05   8.239022e-05   8.135196e-05   8.135196e-05   8.135196e-05   8.135196e-05
   1.000000e-01   3.779785e-04   8.186548e-05   6.446874e-03  -6.322195e-03  -6.087940e-03   6.425650e-03  -6.564962e-05  -4.440406e-04   2.646617e-04   2.646617e-04   2.646617e-04   2.646617e-04   2.679919e-04   2.679919e-04   2.679919e-04   2.679919e-04
   1.000000e+00  -3.278507e-04  -7.594540e-04   1.956029e-02  -1.900013e-02  -1.988870e-02   1.957635e-02  -4.613541e-04   4.378747e-04   8.403814e-04   8.403814e-04   8.403814e-04   8.403814e-04   8.401474e-04   8.401474e-04   8.401474e-04   8.401474e-04
   1.000000e+01  -1.141274e-03   3.112127e-04   6.316738e-02  -6.215682e-02  -6.276201e-02   6.500377e-02  -2.285584e-03  -4.492621e-03   2.685379e-03   2.685379e-03   2.685379e-03   2.685379e-03   2.685379e-03   2.685379e-03   2.685379e-03   2.685379e-03
   60   60      17.000000      -5.000000
    5
   1.000000e-03  -5.937476e-06   1.847023e-05   6.570094e-04  -6.428493e-04  -5.996326e-04   5.803149e-04  -6.963234e-05   7.401708e-05   2.672702e-05   2.672702e-05   2.672702e-05   2.672702e-05   2.558210e-05   2.558210e-05   2.558210e-05   2.558210e-05
   1.000000e-02  -3.651078e-05   9.111112e-05   1.878142e-03  -1.963014e-03  -2.025930e-03   1.812413e-03  -2.413119e-04  -2.459039e-05   8.366791e-05   8.366791e-05   8.366791e-05   8.366791e-05   8.205780e-05   8.205780e-05   8.205780e-05   8.205780e-05
   1.000000e-01  -2.786977e-04   6.423609e-05   5.898016e-03  -6.492079e-03  -6.227156e-03   6.385665e-03  -8.261081e-04   2.145339e-04   2.637390e-04   2.637390e-04   2.637390e-04   2.637390e-04   2.681624e-04   2.681624e-04   2.681624e-04   2.681624e-04
   1.000000e+00  -4.256240e-04  -2.046761e-04   1.929540e-02  -2.039393e-02  -1.963240e-02   2.004580e-02  -9.406888e-04  -8.735680e-05   8.405380e-04   8.405380e-04   8.405380e-04   8.405380e-04   8.400737e-04   8.400737e-04   8.400737e-04   8.400737e-04
   1.000000e+01   4.110219e-03  -2.393118e-03   6.485302e-02  -6.446107e-02  -5.877789e-02   6.493121e-02  -1.117390e-04   3.839894e-03   2.685379e-03   2.685379e-03   2.685379e-03   2.685379e-03   2.685379e-03   2.685379e-03   2.685379e-03   2.685379e-03
   61   61      17.000000       5.000000
    5
   1.000000e-03  -3.734948e-05   3.869002e-05   6.659024e-04  -6.689903e-04  -6.172832e-04   6.618323e-04  -2.279392e-05   7.439423e-05   2.805496e-05   2.805496e-05   2.805496e-05   2.805496e-05   2.693382e-05   2.693382e-05   2.693382e-05   2.693382e-05
   1.000000e-02  -1.471409e-05   7.556617e-05   2.127097e-03  -2.027093e-03  -2.010916e-03   1.977159e-03  -6.892559e-05   1.306899e-04   8.658087e-05   8.658087e-05   8.658087e-05   8.658087e-05   8.505084e-05   8.505084e-05   8.505084e-05   8.505084e-05
   1.000000e-01   1.154397e-04   5.205688e-05   6.156238e-03  -6.315347e-03  -6.986594e-03   6.392439e-03   6.671457e-05  -5.074207e-04   2.631981e-04   2.631981e-04   2.631981e-04   2.631981e-04   2.679194e-04   2.679194e-04   2.679194e-04   2.679194e-04
   1.000000e+00  -5.432515e-04  -6.670765e-04   1.898009e-02  -2.001772e-02  -2.172854e-02   1.944791e-02   1.169668e-04   1.306648e-04   8.406443e-04   8.406443e-04   8.406443e-04   8.406443e-04   8.401720e-04   8.401720e-04   8.401720e-04   8.401720e-04
   1.000000e+01   2.095620e-03  -4.377457e-03   6.171298e-02  -6.668309e-02  -6.509645e-02   6.388966e-02   6.284403e-04  -7.057924e-03   2.685379e-03   2.685379e-03   2.685379e-03   2.685379e-03   2.685379e-03   2.685379e-03   2.685379e-03   2.685379e-03
   62   62      17.000000       9.000000
    5
   1.000000e-03  -6.529651e-06   4.163597e-05   6.634794e-04  -6.323995e-04  -6.135196e-04   6.312960e-04   8.078479e-06   7.483658e-06   2.812155e-05   2.812155e-05   2.812155e-05   2.812155e-05   2.735365e-05   2.735365e-05   2.735365e-05   2.735365e-05
   1.000000e-02   2.427344e-06  -8.356242e-06   2.195173e-03  -1.943464e-03  -1.904893e-03   2.007889e-03   3.016652e-05   1.305689e-04   8.680449e-05   8.680449e-05   8.680449e-05   8.680449e-05   8.595260e-05   8.595260e-05   8.595260e-05   8.595260e-05
   1.000000e-01   7.072477e-05   5.731964e-04   6.488777e-03  -5.823634e-03  -6.367445e-03   6.213313e-03  -1.442361e-04   1.890616e-04   2.637994e-04   2.637994e-04   2.637994e-04   2.637994e-04   2.675352e-04   2.675352e-04   2.675352e-04   2.675352e-04
   1.000000e+00   3.222453e-04  -1.119666e-03   2.067663e-02  -1.918215e-02  -1.874981e-02   1.932905e-02   2.533707e-04  -7.483254e-04   8.405208e-04   8.405208e-04   8.405208e-04   8.405208e-04   8.402766e-04   8.402766e-04   8.402766e-04   8.402766e-04
   1.000000e+01  -4.698415e-04   6.180401e-04   5.837736e-02  -6.457205e-02  -6.017708e-02   6.111314e-02   7.517741e-04   5.174323e-03   2.685379e-03   2.685379e-03   2.685379e-03   2.685379e-03   2.685379e-03   2.685379e-03   2.685379e-03   2.685379e-03
   63   63      17.000000      13.000000
    5
   1.000000e-03   2.117612e-07   3.732903e-05   6.885902e-04  -6.454865e-04  -6.498360e-04   6.124774e-04   2.800406e-05  -7.588550e-05   2.789494e-05   2.789494e-05   2.789494e-05   2.789494e-05   2.753827e-05   2.753827e-05   2.753827e-05   2.753827e-05
   1.000000e-02  -3.585673e-05  -4.840038e-05   1.984889e-03  -1.919532e-03  -2.146767e-03   1.908119e-03  -1.371396e-05   1.442938e-05   8.639938e-05   8.639938e-05   8.639938e-05   8.639938e-05   8.632452e-05   8.632452e-05   8.632452e-05   8.632452e-05
   1.000000e-01   5.872533e-04  -1.156766e-04   6.179480e-03  -6.385236e-03  -6.275907e-03   5.980675e-03  -3.087934e-04   1.270241e-04   2.645799e-04   2.645799e-04   2.645799e-04   2.645799e-04   2.671080e-04   2.671080e-04   2.671080e-04   2.671080e-04
   1.000000e+00  -7.215403e-05   2.740967e-04   1.957133e-02  -2.128846e-02  -1.980817e-02   1.916383e-02   1.049866e-03  -1.094766e-03   8.403847e-04   8.403847e-04   8.403847e-04   8.403847e-04   8.403692e-04   8.403692e-04   8.403692e-04   8.403692e-04
   1.000000e+01  -1.511665e-03  -1.915724e-04   6.180164e-02  -6.433033e-02  -6.258175e-02   6.008409e-02  -2.307446e-03   4.487021e-03   2.685379e-03   2.685379e-03   2.685379e-03   2.685379e-03   2.685379e-03   2.685379e-03   2.685379e-03   2.685379e-03
   64   64      17.000000      17.000000
    5
   1.000000e-03  -4.085281e-05   5.174825e-06   6.544911e-04  -7.130621e-04  -6.669181e-04   6.528418e-04  -5.496224e-06  -7.162394e-05   2.752544e-05   2.752544e-05   2.752544e-05   2.752544e-05   2.746108e-05   2.746108e-05   2.746108e-05   2.746108e-05
   1.000000e-02  -1.760730e-05  -6.945926e-05   2.165645e-03  -2.081468e-03  -2.054443e-03   2.001322e-03   2.636274e-04   9.534742e-05   8.568203e-05   8.568203e-05   8.568203e-05   8.568203e-05   8.610382e-05   8.610382e-05   8.610382e-05   8.610382e-05
   1.000000e-01   4.657418e-05   1.531900e-04   5.965398e-03  -6.238109e-03  -6.237300e-03   6.584914e-03  -5.718350e-05   2.053753e-04   2.653357e-04   2.653357e-04   2.653357e-04   2.653357e-04   2.666759e-04   2.666759e-04   2.666759e-04   2.666759e-04
   1.000000e+00   9.162258e-04   5.010850e-04   2.017947e-02  -1.940497e-02  -1.844186e-02   1.946269e-02  -3.930481e-04  -4.800427e-04   8.403032e-04   8.403032e-04   8.403032e-04   8.403032e-04   8.404167e-04   8.404167e-04   8.404167e-04   8.404167e-04
   1.000000e+01  -7.621748e-04   1.536637e-03   6.062685e-02  -6.104822e-02  -6.431544e-02   6.475705e-02  -3.669243e-03  -1.892170e-03   2.685379e-03   2.685379e-03   2.685379e-03   2.685379e-03   2.685379e-03   2.685379e-03   2.685379e-03   2.685379e-03
END
