   MT   64
    1    1     -17.000000     -17.000000
    5
   1.000000e-03  -2.410621e-07  -3.866513e-05   6.593909e-04  -6.712184e-04  -5.821867e-04   6.427584e-04   5.789859e-05  -7.633618e-05   2.781145e-05   2.781145e-05   2.781145e-05   2.781145e-05   2.663318e-05   2.663318e-05   2.663318e-05   2.663318e-05
   1.000000e-02   6.321533e-05  -6.726464e-05   2.084526e-03  -2.092936e-03  -1.983754e-03   1.977816e-03   4.280212e-04  -7.199448e-05   8.638896e-05   8.638896e-05   8.638896e-05   8.638896e-05   8.403309e-05   8.403309e-05   8.403309e-05   8.403309e-05
   1.000000e-01   1.811946e-04   3.123981e-05   6.230370e-03  -5.835239e-03  -6.013825e-03   6.682930e-03   2.041473e-04  -1.419709e-04   2.654768e-04   2.654768e-04   2.654768e-04   2.654768e-04   2.664787e-04   2.664787e-04   2.664787e-04   2.664787e-04
   1.000000e+00  -4.194187e-05  -1.820618e-04   1.974490e-02  -1.936942e-02  -2.004511e-02   2.157541e-02  -3.863867e-04  -1.469932e-03   8.403762e-04   8.403762e-04   8.403762e-04   8.403762e-04   8.402718e-04   8.402718e-04   8.402718e-04   8.402718e-04
   1.000000e+01   1.666498e-03   1.549971e-03   6.275871e-02  -6.237225e-02  -6.504355e-02   6.758566e-02   2.713063e-03  -1.144765e-03   2.685379e-03   2.685379e-03   2.685379e-03   2.685379e-03   2.685379e-03   2.685379e-03   2.685379e-03   2.685379e-03
    2    2     -17.000000     -13.000000
    5
   1.000000e-03  -2.425554e-05   5.850143e-05   6.819402e-04  -6.663113e-04  -6.139834e-04   6.230462e-04   5.139583e-05  -3.748840e-05   2.835086e-05   2.835086e-05   2.835086e-05   2.835086e-05   2.646693e-05   2.646693e-05   2.646693e-05   2.646693e-05
   1.000000e-02   1.355234e-04  -2.713378e-05   2.047416e-03  -2.075070e-03  -1.945367e-03   2.046253e-03   2.455846e-04   2.490084e-05   8.752354e-05   8.752354e-05   8.752354e-05   8.752354e-05   8.362499e-05   8.362499e-05   8.362499e-05   8.362499e-05
   1.000000e-01   3.484791e-04  -5.839068e-04   5.656054e-03  -6.608936e-03  -6.213786e-03   6.829543e-03  -4.220312e-04  -2.630388e-04   2.649051e-04   2.649051e-04   2.649051e-04   2.649051e-04   2.662738e-04   2.662738e-04   2.662738e-04   2.662738e-04
   1.000000e+00  -6.493590e-04   3.021223e-04   2.007959e-02  -1.911804e-02  -2.132475e-02   1.921674e-02   4.591737e-04   1.227630e-04   8.404812e-04   8.404812e-04   8.404812e-04   8.404812e-04   8.402913e-04   8.402913e-04   8.402913e-04   8.402913e-04
   1.000000e+01  -7.992110e-04  -2.652019e-03   5.796752e-02  -6.683363e-02  -6.051341e-02   7.059728e-02   2.900398e-04   4.458016e-03   2.685379e-03   2.685379e-03   2.685379e-03   2.685379e-03   2.685379e-03   2.685379e-03   2.685379e-03   2.685379e-03
    3    3     -17.000000      -9.000000
    5
   1.000000e-03  -3.379329e-05  -1.092924e-05   6.481782e-04  -6.403310e-04  -6.236809e-04   6.208281e-04   2.249313e-05   4.026907e-05   2.876470e-05   2.876470e-05   2.876470e-05   2.876470e-05   2.626513e-05   2.626513e-05   2.626513e-05   2.626513e-05
   1.000000e-02  -5.123620e-05  -5.556125e-05   1.995409e-03  -2.060242e-03  -1.985229e-03   2.081522e-03   7.861255e-05  -1.724734e-05   8.837919e-05   8.837919e-05   8.837919e-05   8.837919e-05   8.317584e-05   8.317584e-05   8.317584e-05   8.317584e-05
   1.000000e-01  -1.689801e-04  -1.653800e-04   5.996942e-03  -6.410120e-03  -5.965753e-03   6.227816e-03  -6.186121e-04   1.773032e-04   2.642969e-04   2.642969e-04   2.642969e-04   2.642969e-04   2.662355e-04   2.662355e-04   2.662355e-04   2.662355e-04
   1.000000e+00   7.763496e-04  -6.257786e-05   2.082131e-02  -1.918688e-02  -2.029454e-02   1.818206e-02   2.062515e-04  -1.124760e-03   8.406178e-04   8.406178e-04   8.406178e-04   8.406178e-04   8.403065e-04   8.403065e-04   8.403065e-04   8.403065e-04
   1.000000e+01   2.362226e-04  -4.932328e-03   6.751436e-02  -5.854792e-02  -6.208014e-02   5.908779e-02  -8.829196e-04  -4.488533e-04   2.685379e-03   2.685379e-03   2.685379e-03   2.685379e-03   2.685379e-03   2.685379e-03   2.685379e-03   2.685379e-03
    4    4     -17.000000      -5.000000
    5
   1.000000e-03   1.146721e-05  -1.291072e-05   6.724702e-04  -6.596376e-04  -5.961593e-04   6.213450e-04  -1.240370e-05  -2.750911e-05   2.885947e-05   2.885947e-05   2.885947e-05   2.885947e-05   2.606290e-05   2.606290e-05   2.606290e-05   2.606290e-05
   1.000000e-02   1.227518e-04  -1.158967e-04   2.206031e-03  -2.002322e-03  -1.840478e-03   1.983195e-03  -5.001555e-05  -2.387697e-05   8.852722e-05   8.852722e-05   8.852722e-05   8.852722e-05   8.277333e-05   8.277333e-05   8.277333e-05   8.277333e-05
   1.000000e-01   7.200330e-04  -2.288221e-04   6.425691e-03  -6.697104e-03  -6.476766e-03   6.829598e-03  -4.026231e-04   6.630942e-05   2.637246e-04   2.637246e-04   2.637246e-04   2.637246e-04   2.663961e-04   2.663961e-04   2.663961e-04   2.663961e-04
   1.000000e+00  -7.331149e-04  -1.749784e-04   1.993159e-02  -1.880145e-02  -1.965115e-02   2.015016e-02   5.577083e-04  -1.162374e-03   8.407332e-04   8.407332e-04   8.407332e-04   8.407332e-04   8.402912e-04   8.402912e-04   8.402912e-04   8.402912e-04
   1.000000e+01  -2.168174e-03  -8.144772e-04   5.703224e-02  -6.723167e-02  -5.768580e-02   6.277118e-02  -4.960325e-03  -2.364649e-03   2.685379e-03   2.685379e-03   2.685379e-03   2.685379e-03   2.685378e-03   2.685378e-03   2.685378e-03   2.685378e-03
    5    5     -17.000000       5.000000
    5
   1.000000e-03   5.954973e-05  -9.384445e-06   6.964024e-04  -6.335310e-04  -6.046053e-04   6.377607e-04  -9.603084e-05   4.359002e-05   2.773985e-05   2.773985e-05   2.773985e-05   2.773985e-05   2.580652e-05   2.580652e-05   2.580652e-05   2.580652e-05
   1.000000e-02   9.137027e-05  -1.171119e-04   1.998504e-03  -2.030035e-03  -1.867378e-03   1.924995e-03  -1.223452e-04   1.018273e-04   8.603685e-05   8.603685e-05   8.603685e-05   8.603685e-05   8.241845e-05   8.241845e-05   8.241845e-05   8.241845e-05
   1.000000e-01   5.666958e-04   2.553713e-04   5.952079e-03  -6.608651e-03  -6.675777e-03   6.334547e-03  -2.770509e-04  -8.162643e-05   2.638070e-04   2.638070e-04   2.638070e-04   2.638070e-04   2.670194e-04   2.670194e-04   2.670194e-04   2.670194e-04
   1.000000e+00  -7.036830e-04  -1.101051e-03   2.065857e-02  -1.992714e-02  -1.959169e-02   2.027200e-02  -3.599576e-04  -1.059310e-04   8.406176e-04   8.406176e-04   8.406176e-04   8.406176e-04   8.403199e-04   8.403199e-04   8.403199e-04   8.403199e-04
   1.000000e+01  -7.059459e-04   2.096505e-03   5.839909e-02  -6.171254e-02  -6.200175e-02   6.610728e-02  -2.943992e-03  -3.287891e-03   2.685379e-03   2.685379e-03   2.685379e-03   2.685379e-03   2.685378e-03   2.685378e-03   2.685378e-03   2.685378e-03
    6    6     -17.000000       9.000000
    5
   1.000000e-03   2.009037e-06  -2.313881e-05   5.932143e-04  -6.160532e-04  -6.519066e-04   6.201234e-04  -1.031405e-04   9.141222e-05   2.705831e-05   2.705831e-05   2.705831e-05   2.705831e-05   2.587090e-05   2.587090e-05   2.587090e-05   2.587090e-05
   1.000000e-02  -1.872608e-05  -1.905803e-04   2.073775e-03  -1.945444e-03  -2.025184e-03   1.948226e-03  -2.111237e-04   1.402067e-04   8.459633e-05   8.459633e-05   8.459633e-05   8.459633e-05   8.263664e-05   8.263664e-05   8.263664e-05   8.263664e-05
   1.000000e-01   5.177624e-05   6.146407e-04   6.023096e-03  -6.234378e-03  -6.660141e-03   6.487249e-03  -4.868021e-04   1.140017e-04   2.645236e-04   2.645236e-04   2.645236e-04   2.645236e-04   2.671755e-04   2.671755e-04   2.671755e-04   2.671755e-04
   1.000000e+00  -4.413060e-04  -9.225722e-04   2.028030e-02  -2.022587e-02  -2.017520e-02   2.000224e-02   5.686379e-04  -1.321105e-04   8.404637e-04   8.404637e-04   8.404637e-04   8.404637e-04   8.403335e-04   8.403335e-04   8.403335e-04   8.403335e-04
   1.000000e+01  -1.643392e-04   7.792733e-04   6.624633e-02  -6.851864e-02  -6.099478e-02   6.304363e-02  -2.955921e-03   1.287706e-03   2.685379e-03   2.685379e-03   2.685379e-03   2.685379e-03   2.685379e-03   2.685379e-03   2.685379e-03   2.685379e-03
    7    7     -17.000000      13.000000
    5
   1.000000e-03  -3.463830e-05  -2.231805e-05   5.748051e-04  -6.210100e-04  -6.180361e-04   6.241336e-04  -2.862649e-05   6.617377e-05   2.646969e-05   2.646969e-05   2.646969e-05   2.646969e-05   2.601198e-05   2.601198e-05   2.601198e-05   2.601198e-05
   1.000000e-02   1.278303e-04   5.749158e-05   2.014758e-03  -1.885883e-03  -1.851492e-03   1.942262e-03  -2.058066e-04   1.523554e-04   8.339342e-05   8.339342e-05   8.339342e-05   8.339342e-05   8.300578e-05   8.300578e-05   8.300578e-05   8.300578e-05
   1.000000e-01  -1.470446e-04   3.660093e-04   6.075364e-03  -6.331512e-03  -6.227724e-03   6.581123e-03  -6.344393e-04  -1.413501e-04   2.654237e-04   2.654237e-04   2.654237e-04   2.654237e-04   2.672745e-04   2.672745e-04   2.672745e-04   2.672745e-04
   1.000000e+00   9.408439e-05  -1.236010e-03   2.111299e-02  -1.904625e-02  -1.974860e-02   2.007457e-02   1.892161e-04  -1.296643e-03   8.403029e-04   8.403029e-04   8.403029e-04   8.403029e-04   8.403185e-04   8.403185e-04   8.403185e-04   8.403185e-04
   1.000000e+01   3.634873e-03   2.129430e-03   6.282649e-02  -6.304160e-02  -6.573901e-02   6.589196e-02   1.190734e-03  -1.576132e-03   2.685379e-03   2.685379e-03   2.685379e-03   2.685379e-03   2.685379e-03   2.685379e-03   2.685379e-03   2.685379e-03
    8    8     -17.000000      17.000000
    5
   1.000000e-03   1.940575e-05  -2.832183e-05   6.635368e-04  -6.126752e-04  -6.116257e-04   6.181577e-04  -1.314944e-05   1.569618e-05   2.609410e-05   2.609410e-05   2.609410e-05   2.609410e-05   2.619357e-05   2.619357e-05   2.619357e-05   2.619357e-05
   1.000000e-02   8.621231e-05  -1.301040e-04   1.969006e-03  -1.833302e-03  -1.887615e-03   1.922991e-03  -9.134694e-05  -1.109160e-04   8.268435e-05   8.268435e-05   8.268435e-05   8.268435e-05   8.344209e-05   8.344209e-05   8.344209e-05   8.344209e-05
   1.000000e-01   1.570648e-05   3.109849e-06   6.293298e-03  -6.152400e-03  -6.366890e-03   6.287662e-03   4.425621e-05   1.048385e-04   2.663184e-04   2.663184e-04   2.663184e-04   2.663184e-04   2.672708e-04   2.672708e-04   2.672708e-04   2.672708e-04
   1.000000e+00   1.843009e-04   8.258909e-04   2.013609e-02  -1.860047e-02  -2.008147e-02   2.045591e-02  -3.251446e-04   1.187175e-03   8.401942e-04   8.401942e-04   8.401942e-04   8.401942e-04   8.403029e-04   8.403029e-04   8.403029e-04   8.403029e-04
   1.000000e+01   3.210205e-03  -1.843523e-03   6.606020e-02  -6.599787e-02  -6.127253e-02   6.951522e-02  -1.708471e-04   4.943838e-03   2.685379e-03   2.685379e-03   2.685379e-03   2.685379e-03   2.685379e-03   2.685379e-03   2.685379e-03   2.685379e-03
    9    9     -13.000000     -17.000000
    5
   1.000000e-03   9.385679e-06  -2.248775e-05   6.355498e-04  -6.516132e-04  -6.285524e-04   6.058341e-04   6.441702e-06  -6.760591e-05   2.719052e-05   2.719052e-05   2.719052e-05   2.719052e-05   2.647984e-05   2.647984e-05   2.647984e-05   2.647984e-05
   1.000000e-02  -1.785201e-04  -7.974390e-05   1.983789e-03  -1.964786e-03  -1.887880e-03   1.890092e-03   1.115527e-04  -7.132508e-05   8.492156e-05   8.492156e-05   8.492156e-05   8.492156e-05   8.362078e-05   8.362078e-05   8.362078e-05   8.362078e-05
   1.000000e-01   2.347595e-04   5.864874e-04   6.170524e-03  -6.598961e-03  -6.309776e-03   6.723599e-03   2.118851e-04  -9.008568e-05   2.651544e-04   2.651544e-04   2.651544e-04   2.651544e-04   2.661795e-04   2.661795e-04   2.661795e-04   2.661795e-04
   1.000000e+00   6.751858e-05   7.000767e-04   2.021291e-02  -2.038391e-02  -1.929341e-02   1.868945e-02  -1.255130e-03   2.126322e-05   8.404888e-04   8.404888e-04   8.404888e-04   8.404888e-04   8.402719e-04   8.402719e-04   8.402719e-04   8.402719e-04
   1.000000e+01   2.166483e-03   2.084306e-03   6.038577e-02  -6.197019e-02  -6.899852e-02   6.478083e-02   1.999139e-03   2.561684e-03   2.685379e-03   2.685379e-03   2.685379e-03   2.685379e-03   2.685379e-03   2.685379e-03   2.685379e-03   2.685379e-03
   10   10     -13.000000     -13.000000
    5
   1.000000e-03   1.369977e-05  -7.771478e-05   6.585303e-04  -6.536923e-04  -6.363889e-04   5.804836e-04   1.463943e-05  -4.919037e-05   2.760150e-05   2.760150e-05   2.760150e-05   2.760150e-05   2.621833e-05   2.621833e-05   2.621833e-05   2.621833e-05
   1.000000e-02  -6.314847e-05  -2.765497e-06   2.134507e-03  -1.856687e-03  -1.914734e-03   1.977329e-03   2.151070e-04  -5.931018e-06   8.568640e-05   8.568640e-05   8.568640e-05   8.568640e-05   8.294621e-05   8.294621e-05   8.294621e-05   8.294621e-05
   1.000000e-01   2.059767e-04   1.196643e-04   6.612940e-03  -6.457472e-03  -6.114491e-03   6.464715e-03  -6.417379e-04  -7.885340e-06   2.639977e-04   2.639977e-04   2.639977e-04   2.639977e-04   2.656540e-04   2.656540e-04   2.656540e-04   2.656540e-04
   1.000000e+00  -5.076129e-04  -1.362387e-03   2.040784e-02  -1.990014e-02  -2.103549e-02   1.995599e-02   1.457214e-03   3.586694e-04   8.409308e-04   8.409308e-04   8.409308e-04   8.409308e-04   8.403927e-04   8.403927e-04   8.403927e-04   8.403927e-04
   1.000000e+01  -4.851084e-03  -2.820097e-03   6.312086e-02  -6.579125e-02  -6.347276e-02   6.661014e-02  -2.854939e-04  -4.941075e-04   2.685376e-03   2.685376e-03   2.685376e-03   2.685376e-03   2.685378e-03   2.685378e-03   2.685378e-03   2.685378e-03
   11   11     -13.000000      -9.000000
    5
   1.000000e-03   4.816476e-05   1.785303e-05   6.765197e-04  -6.874810e-04  -6.283337e-04   6.088235e-04  -1.859892e-05  -3.676096e-05   2.785264e-05   2.785264e-05   2.785264e-05   2.785264e-05   2.596537e-05   2.596537e-05   2.596537e-05   2.596537e-05
   1.000000e-02   5.233600e-05  -6.031112e-05   2.076023e-03  -1.926419e-03  -1.989693e-03   1.959119e-03   9.612884e-05   1.976776e-05   8.606664e-05   8.606664e-05   8.606664e-05   8.606664e-05   8.235327e-05   8.235327e-05   8.235327e-05   8.235327e-05
   1.000000e-01   6.319678e-04   1.427697e-04   6.373943e-03  -6.273443e-03  -6.310280e-03   6.095545e-03  -6.454658e-04   2.897910e-04   2.625530e-04   2.625530e-04   2.625530e-04   2.625530e-04   2.654366e-04   2.654366e-04   2.654366e-04   2.654366e-04
   1.000000e+00  -7.582434e-05  -4.112021e-04   1.927437e-02  -2.039537e-02  -1.925900e-02   1.960069e-02  -4.072589e-04   9.493367e-04   8.415977e-04   8.415977e-04   8.415977e-04   8.415977e-04   8.404625e-04   8.404625e-04   8.404625e-04   8.404625e-04
   1.000000e+01   2.562242e-04   2.016526e-03   5.911419e-02  -6.598153e-02  -6.230892e-02   6.458184e-02   2.467641e-03   1.581100e-03   2.685370e-03   2.685370e-03   2.685370e-03   2.685370e-03   2.685375e-03   2.685375e-03   2.685375e-03   2.685375e-03
   12   12     -13.000000      -5.000000
    5
   1.000000e-03   4.298060e-05  -4.722081e-05   7.479025e-04  -6.524953e-04  -6.042214e-04   6.192918e-04  -9.301074e-06   6.443308e-05   2.775740e-05   2.775740e-05   2.775740e-05   2.775740e-05   2.578952e-05   2.578952e-05   2.578952e-05   2.578952e-05
   1.000000e-02   4.436039e-05  -1.725432e-04   2.260193e-03  -1.841316e-03  -1.931501e-03   1.767791e-03   5.248800e-06   4.630720e-05   8.568168e-05   8.568168e-05   8.568168e-05   8.568168e-05   8.201919e-05   8.201919e-05   8.201919e-05   8.201919e-05
   1.000000e-01   4.267778e-04   1.682825e-05   6.299124e-03  -5.917110e-03  -6.121397e-03   6.141168e-03  -7.630714e-04   1.962074e-04   2.611413e-04   2.611413e-04   2.611413e-04   2.611413e-04   2.656335e-04   2.656335e-04   2.656335e-04   2.656335e-04
   1.000000e+00  -5.197340e-04  -2.983177e-04   1.971905e-02  -2.003197e-02  -1.939570e-02   1.905233e-02  -7.117132e-04   7.635808e-04   8.422049e-04   8.422049e-04   8.422049e-04   8.422049e-04   8.404046e-04   8.404046e-04   8.404046e-04   8.404046e-04
   1.000000e+01   3.898931e-04   2.552012e-04   6.306928e-02  -6.468068e-02  -6.241139e-02   6.369264e-02  -1.370801e-03   1.064928e-05   2.685365e-03   2.685365e-03   2.685365e-03   2.685365e-03   2.685374e-03   2.685374e-03   2.685374e-03   2.685374e-03
   13   13     -13.000000       5.000000
    5
   1.000000e-03   6.856311e-05  -5.304440e-06   6.808961e-04  -6.693825e-04  -5.638868e-04   6.326966e-04  -1.081175e-04   6.802624e-05   2.646170e-05   2.646170e-05   2.646170e-05   2.646170e-05   2.579612e-05   2.579612e-05   2.579612e-05   2.579612e-05
   1.000000e-02   1.273651e-04  -2.347737e-04   1.895177e-03  -2.012729e-03  -1.966808e-03   2.038370e-03  -1.652774e-04   1.152653e-04   8.275980e-05   8.275980e-05   8.275980e-05   8.275980e-05   8.234207e-05   8.234207e-05   8.234207e-05   8.234207e-05
   1.000000e-01   3.015719e-04   2.613647e-04   5.699070e-03  -6.314583e-03  -6.529994e-03   6.560552e-03  -4.526466e-04  -2.212446e-04   2.608978e-04   2.608978e-04   2.608978e-04   2.608978e-04   2.666321e-04   2.666321e-04   2.666321e-04   2.666321e-04
   1.000000e+00  -1.482980e-03  -2.511656e-04   1.996709e-02  -1.867298e-02  -1.816943e-02   2.028987e-02   1.855893e-03   3.689634e-04   8.421704e-04   8.421704e-04   8.421704e-04   8.421704e-04   8.403971e-04   8.403971e-04   8.403971e-04   8.403971e-04
   1.000000e+01  -9.932931e-04   2.025889e-04   6.201584e-02  -6.043418e-02  -6.160774e-02   6.649943e-02   1.000087e-03  -7.434651e-04   2.685366e-03   2.685366e-03   2.685366e-03   2.685366e-03   2.685374e-03   2.685374e-03   2.685374e-03   2.685374e-03
   14   14     -13.000000       9.000000
    5
   1.000000e-03   4.430263e-05  -6.641487e-05   6.094894e-04  -6.537623e-04  -6.340365e-04   6.616358e-04  -9.170695e-05   5.274918e-05   2.588627e-05   2.588627e-05   2.588627e-05   2.588627e-05   2.598634e-05   2.598634e-05   2.598634e-05   2.598634e-05
   1.000000e-02   2.981455e-04  -1.215387e-04   1.908691e-03  -1.952275e-03  -1.890900e-03   1.901073e-03  -1.524471e-04   1.173860e-04   8.163441e-05   8.163441e-05   8.163441e-05   8.163441e-05   8.287134e-05   8.287134e-05   8.287134e-05   8.287134e-05
   1.000000e-01   2.591426e-04  -4.809702e-04   5.851852e-03  -6.118777e-03  -6.365913e-03   6.622397e-03  -2.871962e-04  -4.773184e-04   2.622585e-04   2.622585e-04   2.622585e-04   2.622585e-04   2.669274e-04   2.669274e-04   2.669274e-04   2.669274e-04
   1.000000e+00  -8.578215e-04  -7.755687e-04   1.935642e-02  -1.936688e-02  -1.967659e-02   1.898968e-02  -1.198992e-03   8.371357e-04   8.415795e-04   8.415795e-04   8.415795e-04   8.415795e-04   8.404006e-04   8.404006e-04   8.404006e-04   8.404006e-04
   1.000000e+01   7.538989e-04   1.177440e-03   6.603043e-02  -5.955576e-02  -6.062491e-02   6.338965e-02   2.054066e-03  -3.041157e-03   2.685370e-03   2.685370e-03   2.685370e-03   2.685370e-03   2.685375e-03   2.685375e-03   2.685375e-03   2.685375e-03
   15   15     -13.000000      13.000000
    5
   1.000000e-03   3.370043e-05  -3.854377e-05   5.972559e-04  -5.770921e-04  -6.563033e-04   5.763991e-04  -1.200898e-04   3.849388e-05   2.548244e-05   2.548244e-05   2.548244e-05   2.548244e-05   2.622560e-05   2.622560e-05   2.622560e-05   2.622560e-05
   1.000000e-02   2.026509e-04  -2.940838e-05   1.825846e-03  -1.926934e-03  -1.891568e-03   2.040943e-03  -2.034699e-04   6.082681e-05   8.094380e-05   8.094380e-05   8.094380e-05   8.094380e-05   8.347923e-05   8.347923e-05   8.347923e-05   8.347923e-05
   1.000000e-01   2.083129e-04  -6.803165e-05   6.046108e-03  -5.809882e-03  -6.340215e-03   6.364125e-03   2.892288e-05  -2.196175e-04   2.639835e-04   2.639835e-04   2.639835e-04   2.639835e-04   2.671396e-04   2.671396e-04   2.671396e-04   2.671396e-04
   1.000000e+00   1.183235e-03  -3.847163e-04   1.874574e-02  -2.020379e-02  -1.908422e-02   2.035600e-02  -1.554060e-03  -1.093873e-03   8.408626e-04   8.408626e-04   8.408626e-04   8.408626e-04   8.403521e-04   8.403521e-04   8.403521e-04   8.403521e-04
   1.000000e+01   2.070895e-03  -1.609957e-03   6.383657e-02  -6.130082e-02  -6.495090e-02   6.441496e-02  -9.897128e-04  -2.470234e-03   2.685377e-03   2.685377e-03   2.685377e-03   2.685377e-03   2.685378e-03   2.685378e-03   2.685378e-03   2.685378e-03
   16   16     -13.000000      17.000000
    5
   1.000000e-03   3.632518e-05  -9.193127e-05   6.191417e-04  -6.230553e-04  -6.055396e-04   6.444980e-04  -6.998891e-05   3.754715e-05   2.533495e-05   2.533495e-05   2.533495e-05   2.533495e-05   2.643505e-05   2.643505e-05   2.643505e-05   2.643505e-05
   1.000000e-02   5.586288e-05   8.829402e-06   1.978016e-03  -1.747683e-03  -1.905180e-03   1.986023e-03  -1.852110e-06   1.168719e-04   8.083611e-05   8.083611e-05   8.083611e-05   8.083611e-05   8.397865e-05   8.397865e-05   8.397865e-05   8.397865e-05
   1.000000e-01   2.335989e-04   6.733726e-05   6.414026e-03  -6.209902e-03  -6.760143e-03   6.357491e-03  -1.932598e-04  -7.554569e-04   2.655990e-04   2.655990e-04   2.655990e-04   2.655990e-04   2.671497e-04   2.671497e-04   2.671497e-04   2.671497e-04
   1.000000e+00   4.370616e-04   5.503749e-04   1.986765e-02  -1.967113e-02  -1.964563e-02   2.044347e-02   1.367382e-03  -5.665599e-04   8.403356e-04   8.403356e-04   8.403356e-04   8.403356e-04   8.403257e-04   8.403257e-04   8.403257e-04   8.403257e-04
   1.000000e+01  -1.247478e-03  -7.018434e-03   6.520495e-02  -6.019405e-02  -5.912378e-02   6.380848e-02  -2.634002e-03  -6.685017e-04   2.685379e-03   2.685379e-03   2.685379e-03   2.685379e-03   2.685379e-03   2.685379e-03   2.685379e-03   2.685379e-03
   17   17      -9.000000     -17.000000
    5
   1.000000e-03   4.949331e-05   4.365898e-05   6.622009e-04  -6.001788e-04  -6.522846e-04   6.535854e-04   7.804430e-05  -7.438563e-05   2.614849e-05   2.614849e-05   2.614849e-05   2.614849e-05   2.615568e-05   2.615568e-05   2.615568e-05   2.615568e-05
   1.000000e-02   1.046860e-04   4.219773e-05   2.009263e-03  -1.991859e-03  -1.979260e-03   2.027728e-03   1.586335e-04  -2.896165e-05   8.244986e-05   8.244986e-05   8.244986e-05   8.244986e-05   8.282350e-05   8.282350e-05   8.282350e-05   8.282350e-05
   1.000000e-01   1.737647e-04   1.991567e-04   6.319680e-03  -5.976369e-03  -5.839984e-03   6.524834e-03  -3.478491e-05  -3.501794e-05   2.645438e-04   2.645438e-04   2.645438e-04   2.645438e-04   2.658386e-04   2.658386e-04   2.658386e-04   2.658386e-04
   1.000000e+00   7.318107e-04  -5.742997e-05   2.022193e-02  -1.927092e-02  -2.131757e-02   2.130890e-02   1.068475e-03  -3.471034e-05   8.406899e-04   8.406899e-04   8.406899e-04   8.406899e-04   8.402960e-04   8.402960e-04   8.402960e-04   8.402960e-04
   1.000000e+01  -5.095695e-03   2.543520e-03   6.567528e-02  -6.867317e-02  -6.037897e-02   6.569342e-02   9.367125e-04  -2.030440e-03   2.685379e-03   2.685379e-03   2.685379e-03   2.685379e-03   2.685379e-03   2.685379e-03   2.685379e-03   2.685379e-03
   18   18      -9.000000     -13.000000
    5
   1.000000e-03   3.216246e-05  -5.519598e-05   6.274368e-04  -6.195350e-04  -5.969566e-04   6.157068e-04   5.477204e-05  -6.014397e-05   2.612651e-05   2.612651e-05   2.612651e-05   2.612651e-05   2.573125e-05   2.573125e-05   2.573125e-05   2.573125e-05
   1.000000e-02   1.031090e-04  -1.610408e-04   1.776978e-03  -1.959497e-03  -2.044956e-03   1.959371e-03   1.635427e-04  -1.009259e-04   8.211128e-05   8.211128e-05   8.211128e-05   8.211128e-05   8.171357e-05   8.171357e-05   8.171357e-05   8.171357e-05
   1.000000e-01   2.952039e-04   1.604927e-04   5.874087e-03  -6.601169e-03  -5.694417e-03   6.554952e-03   6.702292e-05   1.208810e-03   2.624134e-04   2.624134e-04   2.624134e-04   2.624134e-04   2.648604e-04   2.648604e-04   2.648604e-04   2.648604e-04
   1.000000e+00  -5.161833e-04   3.585139e-04   2.026760e-02  -2.065226e-02  -1.874848e-02   2.052804e-02  -5.402402e-04  -8.870237e-04   8.417095e-04   8.417095e-04   8.417095e-04   8.417095e-04   8.405964e-04   8.405964e-04   8.405964e-04   8.405964e-04
   1.000000e+01  -3.594273e-03   3.233335e-04   6.451629e-02  -6.363792e-02  -6.157388e-02   6.205245e-02  -5.643747e-03  -1.195137e-03   2.685368e-03   2.685368e-03   2.685368e-03   2.685368e-03   2.685375e-03   2.685375e-03   2.685375e-03   2.685375e-03
   19   19      -9.000000      -9.000000
    5
   1.000000e-03   7.251388e-05  -2.084958e-06   6.074197e-04  -6.059298e-04  -6.089132e-04   5.959480e-04   6.962795e-05   5.015995e-06   2.592235e-05   2.592235e-05   2.592235e-05   2.592235e-05   2.542363e-05   2.542363e-05   2.542363e-05   2.542363e-05
   1.000000e-02   2.188511e-04  -5.109873e-05   1.943590e-03  -1.988591e-03  -1.614581e-03   1.808214e-03  -1.735650e-05   7.782724e-05   8.131568e-05   8.131568e-05   8.131568e-05   8.131568e-05   8.096004e-05   8.096004e-05   8.096004e-05   8.096004e-05
   1.000000e-01   8.772369e-04   1.407958e-04   5.623645e-03  -6.298239e-03  -6.225748e-03   6.526730e-03  -8.748981e-05   4.156412e-04   2.597357e-04   2.597357e-04   2.597357e-04   2.597357e-04   2.644035e-04   2.644035e-04   2.644035e-04   2.644035e-04
   1.000000e+00  -1.269880e-04   5.829755e-04   2.047419e-02  -1.922684e-02  -1.980082e-02   1.897222e-02   1.828539e-04   1.641730e-04   8.432300e-04   8.432300e-04   8.432300e-04   8.432300e-04   8.407417e-04   8.407417e-04   8.407417e-04   8.407417e-04
   1.000000e+01   5.533090e-04  -3.466820e-03   6.408643e-02  -6.180196e-02  -5.849634e-02   6.798890e-02   6.888193e-04   2.365884e-03   2.685340e-03   2.685340e-03   2.685340e-03   2.685340e-03   2.685367e-03   2.685367e-03   2.685367e-03   2.685367e-03
   20   20      -9.000000      -5.000000
    5
   1.000000e-03   8.319284e-05  -1.051347e-04   6.031671e-04  -6.329896e-04  -6.017731e-04   6.276214e-04   1.959819e-05   1.171599e-05   2.549028e-05   2.549028e-05   2.549028e-05   2.549028e-05   2.534684e-05   2.534684e-05   2.534684e-05   2.534684e-05
   1.000000e-02   2.753145e-04  -1.861844e-04   2.016900e-03  -1.748941e-03  -1.896564e-03   1.877268e-03  -1.650766e-04  -1.500267e-05   8.005566e-05   8.005566e-05   8.005566e-05   8.005566e-05   8.086088e-05   8.086088e-05   8.086088e-05   8.086088e-05
   1.000000e-01   7.273899e-04   2.665163e-04   5.348426e-03  -6.365779e-03  -6.163409e-03   6.465265e-03  -3.787303e-05   5.685007e-04   2.573092e-04   2.573092e-04   2.573092e-04   2.573092e-04   2.646781e-04   2.646781e-04   2.646781e-04   2.646781e-04
   1.000000e+00  -4.465848e-04  -1.007642e-03   2.126448e-02  -1.937602e-02  -2.048762e-02   1.967244e-02  -9.576708e-04   7.257597e-04   8.445697e-04   8.445697e-04   8.445697e-04   8.445697e-04   8.405795e-04   8.405795e-04   8.405795e-04   8.405795e-04
   1.000000e+01   1.330524e-03   8.382996e-04   6.383539e-02  -6.269967e-02  -6.665173e-02   7.095924e-02   1.684976e-03   1.917634e-03   2.685321e-03   2.685321e-03   2.685321e-03   2.685321e-03   2.685363e-03   2.685363e-03   2.685363e-03   2.685363e-03
   21   21      -9.000000       5.000000
    5
   1.000000e-03   9.456477e-05  -8.203816e-05   5.554435e-04  -5.903130e-04  -6.144443e-04   6.706822e-04  -7.450997e-05   7.832377e-05   2.435237e-05   2.435237e-05   2.435237e-05   2.435237e-05   2.593378e-05   2.593378e-05   2.593378e-05   2.593378e-05
   1.000000e-02   1.555764e-04  -1.416101e-04   1.848106e-03  -1.796466e-03  -1.924637e-03   2.087009e-03  -3.045454e-04   1.450255e-05   7.749870e-05   7.749870e-05   7.749870e-05   7.749870e-05   8.260115e-05   8.260115e-05   8.260115e-05   8.260115e-05
   1.000000e-01   8.398658e-04   2.915116e-04   6.060609e-03  -6.765160e-03  -6.065874e-03   6.068512e-03  -6.873530e-04  -3.284955e-04   2.570515e-04   2.570515e-04   2.570515e-04   2.570515e-04   2.662723e-04   2.662723e-04   2.662723e-04   2.662723e-04
   1.000000e+00  -1.481903e-03  -1.545912e-03   1.944537e-02  -2.048457e-02  -2.046457e-02   1.933271e-02  -2.765417e-04   2.972501e-04   8.446088e-04   8.446088e-04   8.446088e-04   8.446088e-04   8.404215e-04   8.404215e-04   8.404215e-04   8.404215e-04
   1.000000e+01   1.889894e-03  -3.395675e-03   6.061779e-02  -6.373449e-02  -6.472305e-02   6.414200e-02  -3.063038e-03   3.411124e-03   2.685322e-03   2.685322e-03   2.685322e-03   2.685322e-03   2.685364e-03   2.685364e-03   2.685364e-03   2.685364e-03
   22   22      -9.000000       9.000000
    5
   1.000000e-03   7.837386e-05  -8.331699e-05   5.459614e-04  -5.564569e-04  -6.209164e-04   6.243871e-04  -5.933850e-05   9.519916e-05   2.419042e-05   2.419042e-05   2.419042e-05   2.419042e-05   2.633750e-05   2.633750e-05   2.633750e-05   2.633750e-05
   1.000000e-02   2.629080e-04  -4.625947e-05   1.867886e-03  -1.968018e-03  -1.892480e-03   1.943301e-03  -2.398515e-04   2.968438e-04   7.741602e-05   7.741602e-05   7.741602e-05   7.741602e-05   8.365006e-05   8.365006e-05   8.365006e-05   8.365006e-05
   1.000000e-01  -7.554809e-05   3.548553e-04   5.972800e-03  -6.075254e-03  -6.299670e-03   6.214877e-03  -5.636226e-04   5.594660e-05   2.593625e-04   2.593625e-04   2.593625e-04   2.593625e-04   2.667795e-04   2.667795e-04   2.667795e-04   2.667795e-04
   1.000000e+00   6.312792e-04   1.203887e-03   2.030614e-02  -1.926040e-02  -1.908673e-02   2.009111e-02  -8.685076e-05  -7.343454e-04   8.433210e-04   8.433210e-04   8.433210e-04   8.433210e-04   8.404012e-04   8.404012e-04   8.404012e-04   8.404012e-04
   1.000000e+01  -8.811439e-04  -1.659064e-03   5.399637e-02  -6.205219e-02  -5.957984e-02   6.175611e-02   1.668526e-03   1.047297e-03   2.685340e-03   2.685340e-03   2.685340e-03   2.685340e-03   2.685368e-03   2.685368e-03   2.685368e-03   2.685368e-03
   23   23      -9.000000      13.000000
    5
   1.000000e-03   1.241069e-04  -4.597793e-05   5.797539e-04  -5.452229e-04  -6.447666e-04   6.101754e-04  -4.559742e-05   8.660177e-05   2.426717e-05   2.426717e-05   2.426717e-05   2.426717e-05   2.669570e-05   2.669570e-05   2.669570e-05   2.669570e-05
   1.000000e-02   1.702397e-04  -2.095699e-04   1.915675e-03  -1.851150e-03  -1.952590e-03   2.053629e-03  -1.952298e-04   7.370080e-06   7.794113e-05   7.794113e-05   7.794113e-05   7.794113e-05   8.454772e-05   8.454772e-05   8.454772e-05   8.454772e-05
   1.000000e-01   1.265585e-04   1.319646e-06   5.613077e-03  -6.584051e-03  -6.002240e-03   6.174757e-03  -3.640520e-04   5.879779e-05   2.622234e-04   2.622234e-04   2.622234e-04   2.622234e-04   2.671204e-04   2.671204e-04   2.671204e-04   2.671204e-04
   1.000000e+00  -4.696297e-04   1.423222e-03   2.066501e-02  -2.045065e-02  -1.940724e-02   1.934086e-02   4.406853e-04   6.857901e-04   8.417407e-04   8.417407e-04   8.417407e-04   8.417407e-04   8.403278e-04   8.403278e-04   8.403278e-04   8.403278e-04
   1.000000e+01   1.998358e-04   4.442979e-03   6.083296e-02  -6.885803e-02  -6.241616e-02   6.964362e-02  -1.847100e-03   1.889782e-03   2.685368e-03   2.685368e-03   2.685368e-03   2.685368e-03   2.685376e-03   2.685376e-03   2.685376e-03   2.685376e-03
   24   24      -9.000000      17.000000
    5
   1.000000e-03   5.032256e-06  -4.675203e-05   5.798136e-04  -6.086221e-04  -6.328686e-04   6.411097e-04  -4.835395e-05   6.053215e-05   2.454185e-05   2.454185e-05   2.454185e-05   2.454185e-05   2.687309e-05   2.687309e-05   2.687309e-05   2.687309e-05
   1.000000e-02   2.520204e-04  -2.200311e-04   1.718831e-03  -1.896149e-03  -2.046571e-03   2.023383e-03  -3.400118e-05   9.650378e-05   7.889461e-05   7.889461e-05   7.889461e-05   7.889461e-05   8.496710e-05   8.496710e-05   8.496710e-05   8.496710e-05
   1.000000e-01   5.519023e-05  -2.157807e-04   6.414262e-03  -6.294508e-03  -5.822203e-03   5.957647e-03  -2.431231e-04  -4.523886e-04   2.647435e-04   2.647435e-04   2.647435e-04   2.647435e-04   2.670715e-04   2.670715e-04   2.670715e-04   2.670715e-04
   1.000000e+00   6.469033e-04   6.158318e-04   2.055108e-02  -1.726369e-02  -2.030599e-02   2.051010e-02  -3.705073e-04  -8.829375e-04   8.405950e-04   8.405950e-04   8.405950e-04   8.405950e-04   8.403373e-04   8.403373e-04   8.403373e-04   8.403373e-04
   1.000000e+01   3.848354e-03   1.280204e-03   5.839085e-02  -6.575249e-02  -6.197490e-02   6.435705e-02  -9.317453e-04   3.447954e-05   2.685379e-03   2.685379e-03   2.685379e-03   2.685379e-03   2.685379e-03   2.685379e-03   2.685379e-03   2.685379e-03
   25   25      -5.000000     -17.000000
    5
   1.000000e-03   6.664502e-05  -5.063274e-05   5.893941e-04  -6.386993e-04  -5.861192e-04   6.102430e-04   1.063888e-04  -4.830844e-05   2.492205e-05   2.492205e-05   2.492205e-05   2.492205e-05   2.569074e-05   2.569074e-05   2.569074e-05   2.569074e-05
   1.000000e-02   1.029521e-04  -6.044894e-05   1.683271e-03  -1.987986e-03  -1.922978e-03   2.017180e-03   2.027212e-04  -1.311207e-04   7.954288e-05   7.954288e-05   7.954288e-05   7.954288e-05   8.172523e-05   8.172523e-05   8.172523e-05   8.172523e-05
   1.000000e-01  -4.079941e-05  -4.285219e-04   6.212459e-03  -6.425145e-03  -6.017857e-03   6.157133e-03   7.565283e-05   8.094529e-04   2.638976e-04   2.638976e-04   2.638976e-04   2.638976e-04   2.655864e-04   2.655864e-04   2.655864e-04   2.655864e-04
   1.000000e+00   1.923051e-04  -8.191104e-04   1.974212e-02  -1.948907e-02  -1.801446e-02   1.843654e-02  -6.222524e-04   4.036958e-04   8.408495e-04   8.408495e-04   8.408495e-04   8.408495e-04   8.403096e-04   8.403096e-04   8.403096e-04   8.403096e-04
   1.000000e+01   2.087991e-03   1.577265e-03   6.093145e-02  -6.247514e-02  -6.089322e-02   6.542203e-02  -2.310337e-03   7.926489e-04   2.685379e-03   2.685379e-03   2.685379e-03   2.685379e-03   2.685379e-03   2.685379e-03   2.685379e-03   2.685379e-03
   26   26      -5.000000     -13.000000
    5
   1.000000e-03   6.873127e-05  -6.282075e-05   5.677371e-04  -5.462438e-04  -5.820175e-04   5.877631e-04   5.004905e-05  -5.118822e-05   2.437212e-05   2.437212e-05   2.437212e-05   2.437212e-05   2.506477e-05   2.506477e-05   2.506477e-05   2.506477e-05
   1.000000e-02   3.414184e-04  -1.932427e-05   1.824175e-03  -1.776224e-03  -1.812623e-03   1.917287e-03   2.096897e-04  -1.127021e-04   7.788525e-05   7.788525e-05   7.788525e-05   7.788525e-05   8.009824e-05   8.009824e-05   8.009824e-05   8.009824e-05
   1.000000e-01   3.848414e-04   5.296535e-04   5.461990e-03  -6.350515e-03  -6.659179e-03   6.802615e-03   4.294111e-05   2.248743e-04   2.607769e-04   2.607769e-04   2.607769e-04   2.607769e-04   2.641868e-04   2.641868e-04   2.641868e-04   2.641868e-04
   1.000000e+00   6.034066e-04   5.578135e-04   2.161912e-02  -1.962405e-02  -2.082341e-02   2.036682e-02   4.426950e-04   1.165794e-03   8.424245e-04   8.424245e-04   8.424245e-04   8.424245e-04   8.407788e-04   8.407788e-04   8.407788e-04   8.407788e-04
   1.000000e+01  -8.392882e-04  -4.428567e-03   6.304640e-02  -6.561544e-02  -6.002969e-02   6.730568e-02   6.360216e-03  -1.050473e-03   2.685362e-03   2.685362e-03   2.685362e-03   2.685362e-03   2.685373e-03   2.685373e-03   2.685373e-03   2.685373e-03
   27   27      -5.000000      -9.000000
    5
   1.000000e-03   3.205264e-05  -5.579826e-05   5.496367e-04  -5.505954e-04  -5.837953e-04   5.640822e-04   1.205612e-05  -4.841840e-06   2.366759e-05   2.366759e-05   2.366759e-05   2.366759e-05   2.470835e-05   2.470835e-05   2.470835e-05   2.470835e-05
   1.000000e-02   1.869731e-04  -8.195091e-05   1.878587e-03  -1.887052e-03  -1.830908e-03   2.005155e-03  -4.130603e-05   2.779170e-05   7.583305e-05   7.583305e-05   7.583305e-05   7.583305e-05   7.920212e-05   7.920212e-05   7.920212e-05   7.920212e-05
   1.000000e-01   5.798294e-04  -1.064153e-04   5.975751e-03  -6.287864e-03  -5.591279e-03   6.091320e-03   4.607804e-04   3.235350e-04   2.569605e-04   2.569605e-04   2.569605e-04   2.569605e-04   2.635225e-04   2.635225e-04   2.635225e-04   2.635225e-04
   1.000000e+00  -1.506477e-03   2.374413e-04   2.138821e-02  -2.087716e-02  -1.997886e-02   1.987379e-02   2.003204e-03  -4.248661e-04   8.447387e-04   8.447387e-04   8.447387e-04   8.447387e-04   8.409792e-04   8.409792e-04   8.409792e-04   8.409792e-04
   1.000000e+01   2.129795e-03  -8.286579e-04   6.043323e-02  -6.000308e-02  -6.835001e-02   6.595529e-02   5.397079e-03   2.036977e-04   2.685319e-03   2.685319e-03   2.685319e-03   2.685319e-03   2.685362e-03   2.685362e-03   2.685362e-03   2.685362e-03
   28   28      -5.000000      -5.000000
    5
   1.000000e-03   1.158699e-04  -7.214527e-05   5.595846e-04  -5.313409e-04  -5.919240e-04   5.776986e-04  -3.441849e-05   3.977027e-05   2.293517e-05   2.293517e-05   2.293517e-05   2.293517e-05   2.478086e-05   2.478086e-05   2.478086e-05   2.478086e-05
   1.000000e-02   3.433486e-04  -2.324553e-04   1.734516e-03  -1.835026e-03  -1.852231e-03   1.893304e-03   6.669376e-06   2.466846e-05   7.381700e-05   7.381700e-05   7.381700e-05   7.381700e-05   7.944934e-05   7.944934e-05   7.944934e-05   7.944934e-05
   1.000000e-01   3.825854e-04   1.183715e-04   5.732190e-03  -6.141309e-03  -6.275854e-03   6.750625e-03  -2.501916e-04  -1.463534e-04   2.537092e-04   2.537092e-04   2.537092e-04   2.537092e-04   2.638898e-04   2.638898e-04   2.638898e-04   2.638898e-04
   1.000000e+00  -7.848779e-04  -6.338714e-04   1.955051e-02  -1.920887e-02  -1.860609e-02   1.856018e-02  -6.965777e-04  -3.131618e-04   8.467271e-04   8.467271e-04   8.467271e-04   8.467271e-04   8.406895e-04   8.406895e-04   8.406895e-04   8.406895e-04
   1.000000e+01   2.223098e-03   2.312909e-03   5.765695e-02  -6.804162e-02  -6.242995e-02   6.457523e-02  -2.525495e-03   4.766511e-03   2.685291e-03   2.685291e-03   2.685291e-03   2.685291e-03   2.685358e-03   2.685358e-03   2.685358e-03   2.685358e-03
   29   29      -5.000000       5.000000
    5
   1.000000e-03   1.370175e-04  -1.015012e-04   5.346377e-04  -5.463173e-04  -6.100584e-04   6.062113e-04  -1.266884e-04   8.017669e-05   2.217272e-05   2.217272e-05   2.217272e-05   2.217272e-05   2.620906e-05   2.620906e-05   2.620906e-05   2.620906e-05
   1.000000e-02   3.935722e-04  -1.597417e-04   1.659615e-03  -1.749411e-03  -2.110832e-03   1.948204e-03  -4.456268e-04   2.881247e-04   7.213994e-05   7.213994e-05   7.213994e-05   7.213994e-05   8.318293e-05   8.318293e-05   8.318293e-05   8.318293e-05
   1.000000e-01   9.778053e-04  -5.615323e-05   5.728242e-03  -6.683601e-03  -6.241675e-03   6.613055e-03  -8.309024e-04  -2.897183e-04   2.535732e-04   2.535732e-04   2.535732e-04   2.535732e-04   2.661065e-04   2.661065e-04   2.661065e-04   2.661065e-04
   1.000000e+00   6.379416e-04  -2.093167e-04   1.908022e-02  -2.113093e-02  -1.933083e-02   1.934157e-02   1.166453e-04   1.746955e-04   8.467896e-04   8.467896e-04   8.467896e-04   8.467896e-04   8.403416e-04   8.403416e-04   8.403416e-04   8.403416e-04
   1.000000e+01   9.476515e-04  -1.442529e-03   6.218320e-02  -6.779904e-02  -6.737631e-02   6.095656e-02  -7.499011e-04   1.447368e-03   2.685292e-03   2.685292e-03   2.685292e-03   2.685292e-03   2.685358e-03   2.685358e-03   2.685358e-03   2.685358e-03
   30   30      -5.000000       9.000000
    5
   1.000000e-03   7.378230e-05  -8.423712e-05   5.286366e-04  -5.429714e-04  -6.331123e-04   5.868955e-04  -7.820772e-05   8.542161e-05   2.252070e-05   2.252070e-05   2.252070e-05   2.252070e-05   2.689982e-05   2.689982e-05   2.689982e-05   2.689982e-05
   1.000000e-02   2.574653e-04  -1.672348e-04   1.696084e-03  -1.794943e-03  -2.137822e-03   2.060517e-03  -2.069835e-04   2.529937e-04   7.329780e-05   7.329780e-05   7.329780e-05   7.329780e-05   8.491730e-05   8.491730e-05   8.491730e-05   8.491730e-05
   1.000000e-01   8.812551e-04   5.640216e-04   5.592414e-03  -6.415429e-03  -6.404106e-03   6.103266e-03  -3.842228e-04  -2.607130e-04   2.567403e-04   2.567403e-04   2.567403e-04   2.567403e-04   2.668178e-04   2.668178e-04   2.668178e-04   2.668178e-04
   1.000000e+00  -1.161334e-03   2.903062e-03   1.964035e-02  -1.734646e-02  -1.955972e-02   2.138861e-02   2.701289e-04  -5.444619e-04   8.448542e-04   8.448542e-04   8.448542e-04   8.448542e-04   8.403153e-04   8.403153e-04   8.403153e-04   8.403153e-04
   1.000000e+01  -1.173160e-03  -2.943486e-03   6.276112e-02  -6.577572e-02  -6.948648e-02   6.616920e-02  -2.340766e-03  -2.115500e-03   2.685319e-03   2.685319e-03   2.685319e-03   2.685319e-03   2.685365e-03   2.685365e-03   2.685365e-03   2.685365e-03
   31   31      -5.000000      13.000000
    5
   1.000000e-03   1.059531e-04  -9.310108e-05   5.235841e-04  -5.705712e-04  -5.993260e-04   6.359946e-04  -2.778377e-05   4.797510e-05   2.315435e-05   2.315435e-05   2.315435e-05   2.315435e-05   2.738143e-05   2.738143e-05   2.738143e-05   2.738143e-05
   1.000000e-02   1.742594e-04  -1.006106e-04   1.660585e-03  -1.686951e-03  -2.157781e-03   2.051800e-03  -2.031906e-04   1.649853e-05   7.519050e-05   7.519050e-05   7.519050e-05   7.519050e-05   8.611268e-05   8.611268e-05   8.611268e-05   8.611268e-05
   1.000000e-01   3.167959e-04   3.560271e-04   5.836615e-03  -6.424605e-03  -6.679843e-03   6.075091e-03  -4.317406e-04  -1.686402e-04   2.606187e-04   2.606187e-04   2.606187e-04   2.606187e-04   2.672317e-04   2.672317e-04   2.672317e-04   2.672317e-04
   1.000000e+00  -1.737421e-03  -8.642829e-05   2.106238e-02  -1.933328e-02  -2.084335e-02   1.889391e-02   5.594282e-04   7.770929e-04   8.424922e-04   8.424922e-04   8.424922e-04   8.424922e-04   8.402616e-04   8.402616e-04   8.402616e-04   8.402616e-04
   1.000000e+01   4.546965e-03   1.159596e-03   6.101063e-02  -5.648644e-02  -6.367375e-02   6.017473e-02   7.005038e-04   1.576057e-03   2.685362e-03   2.685362e-03   2.685362e-03   2.685362e-03   2.685375e-03   2.685375e-03   2.685375e-03   2.685375e-03
   32   32      -5.000000      17.000000
    5
   1.000000e-03   2.801133e-05  -6.993576e-05   5.327518e-04  -5.776900e-04  -6.653168e-04   6.600256e-04  -1.365268e-05   1.344729e-06   2.388025e-05   2.388025e-05   2.388025e-05   2.388025e-05   2.746346e-05   2.746346e-05   2.746346e-05   2.746346e-05
   1.000000e-02   1.635025e-04  -2.696077e-05   1.706551e-03  -1.770368e-03  -1.973817e-03   2.052607e-03  -8.666473e-05   1.992324e-04   7.725515e-05   7.725515e-05   7.725515e-05   7.725515e-05   8.630191e-05   8.630191e-05   8.630191e-05   8.630191e-05
   1.000000e-01   3.956427e-04  -2.229967e-04   5.685270e-03  -6.392021e-03  -6.810701e-03   5.886759e-03  -2.610955e-04  -1.001652e-05   2.639337e-04   2.639337e-04   2.639337e-04   2.639337e-04   2.670335e-04   2.670335e-04   2.670335e-04   2.670335e-04
   1.000000e+00   7.926025e-04  -4.901360e-04   2.010425e-02  -2.059661e-02  -2.033546e-02   1.939815e-02   1.313639e-04  -2.704554e-04   8.408080e-04   8.408080e-04   8.408080e-04   8.408080e-04   8.403517e-04   8.403517e-04   8.403517e-04   8.403517e-04
   1.000000e+01   2.420977e-03   2.233472e-03   6.394159e-02  -6.515147e-02  -6.595113e-02   6.381395e-02   4.418990e-04   3.910153e-03   2.685379e-03   2.685379e-03   2.685379e-03   2.685379e-03   2.685379e-03   2.685379e-03   2.685379e-03   2.685379e-03
   33   33       5.000000     -17.000000
    5
   1.000000e-03   1.669394e-05  -7.259939e-07   5.225025e-04  -5.383070e-04  -5.273422e-04   5.868138e-04  -2.670360e-05   1.612860e-05   2.342078e-05   2.342078e-05   2.342078e-05   2.342078e-05   2.462271e-05   2.462271e-05   2.462271e-05   2.462271e-05
   1.000000e-02  -4.082955e-05  -1.442625e-04   1.704502e-03  -1.952347e-03  -1.815565e-03   1.932208e-03   3.135635e-06  -1.197749e-04   7.605615e-05   7.605615e-05   7.605615e-05   7.605615e-05   7.935288e-05   7.935288e-05   7.935288e-05   7.935288e-05
   1.000000e-01   1.731573e-04   1.157640e-04   6.029686e-03  -6.004956e-03  -5.885873e-03   6.297635e-03  -1.839552e-04  -5.702559e-05   2.638739e-04   2.638739e-04   2.638739e-04   2.638739e-04   2.659455e-04   2.659455e-04   2.659455e-04   2.659455e-04
   1.000000e+00  -5.133607e-04  -4.358909e-05   1.998867e-02  -1.947458e-02  -1.967407e-02   2.058533e-02   8.496775e-04   2.245905e-04   8.407171e-04   8.407171e-04   8.407171e-04   8.407171e-04   8.402301e-04   8.402301e-04   8.402301e-04   8.402301e-04
   1.000000e+01   2.702153e-04  -1.598653e-03   6.416861e-02  -6.791229e-02  -6.433765e-02   6.092778e-02  -2.028446e-03   5.078546e-03   2.685379e-03   2.685379e-03   2.685379e-03   2.685379e-03   2.685379e-03   2.685379e-03   2.685379e-03   2.685379e-03
   34   34       5.000000     -13.000000
    5
   1.000000e-03   3.206547e-05   1.409970e-05   5.133220e-04  -5.236619e-04  -5.520257e-04   5.775146e-04  -5.256736e-06   2.922904e-05   2.246535e-05   2.246535e-05   2.246535e-05   2.246535e-05   2.368713e-05   2.368713e-05   2.368713e-05   2.368713e-05
   1.000000e-02  -8.376796e-05  -9.348186e-05   1.669105e-03  -1.721152e-03  -1.781213e-03   1.909419e-03  -8.739801e-05   4.780499e-05   7.339096e-05   7.339096e-05   7.339096e-05   7.339096e-05   7.698708e-05   7.698708e-05   7.698708e-05   7.698708e-05
   1.000000e-01   5.437616e-04   2.341405e-04   5.502403e-03  -6.547292e-03  -6.212540e-03   6.314878e-03  -5.684248e-04  -2.464335e-04   2.601943e-04   2.601943e-04   2.601943e-04   2.601943e-04   2.643092e-04   2.643092e-04   2.643092e-04   2.643092e-04
   1.000000e+00   4.739659e-04   2.683091e-04   2.028114e-02  -2.035154e-02  -1.890787e-02   2.100876e-02   8.908901e-04  -9.115284e-04   8.424553e-04   8.424553e-04   8.424553e-04   8.424553e-04   8.407803e-04   8.407803e-04   8.407803e-04   8.407803e-04
   1.000000e+01   7.893820e-04   3.459285e-03   5.847958e-02  -6.234368e-02  -6.369070e-02   6.211334e-02  -5.291256e-03   1.613478e-04   2.685363e-03   2.685363e-03   2.685363e-03   2.685363e-03   2.685374e-03   2.685374e-03   2.685374e-03   2.685374e-03
   35   35       5.000000      -9.000000
    5
   1.000000e-03   3.062505e-05  -3.688516e-05   5.117842e-04  -4.922316e-04  -5.069503e-04   5.542294e-04  -4.829675e-05   3.773525e-05   2.160834e-05   2.160834e-05   2.160834e-05   2.160834e-05   2.329693e-05   2.329693e-05   2.329693e-05   2.329693e-05
   1.000000e-02   1.976252e-04  -7.094943e-05   1.659666e-03  -1.756721e-03  -1.832501e-03   1.984522e-03  -9.915914e-05   1.791626e-04   7.093160e-05   7.093160e-05   7.093160e-05   7.093160e-05   7.599944e-05   7.599944e-05   7.599944e-05   7.599944e-05
   1.000000e-01   9.655173e-04  -1.641564e-04   5.261276e-03  -6.318120e-03  -6.317181e-03   6.701050e-03  -5.190370e-04  -2.422335e-04   2.559154e-04   2.559154e-04   2.559154e-04   2.559154e-04   2.635655e-04   2.635655e-04   2.635655e-04   2.635655e-04
   1.000000e+00  -5.227093e-04  -1.174962e-03   2.201792e-02  -1.790417e-02  -1.994370e-02   1.936491e-02   7.495669e-04  -1.649759e-03   8.449616e-04   8.449616e-04   8.449616e-04   8.449616e-04   8.410131e-04   8.410131e-04   8.410131e-04   8.410131e-04
   1.000000e+01   1.566291e-04  -9.661414e-04   6.068630e-02  -6.390196e-02  -6.480175e-02   6.667493e-02  -3.705324e-03   1.202990e-03   2.685320e-03   2.685320e-03   2.685320e-03   2.685320e-03   2.685362e-03   2.685362e-03   2.685362e-03   2.685362e-03
   36   36       5.000000      -5.000000
    5
   1.000000e-03   6.419067e-05  -3.562889e-05   4.906662e-04  -4.863262e-04  -5.764402e-04   5.383284e-04  -7.046385e-05   6.807874e-05   2.109943e-05   2.109943e-05   2.109943e-05   2.109943e-05   2.365947e-05   2.365947e-05   2.365947e-05   2.365947e-05
   1.000000e-02   1.126988e-04  -9.407152e-05   1.682812e-03  -1.708652e-03  -1.830225e-03   1.951098e-03  -2.824932e-04   6.386123e-05   6.939149e-05   6.939149e-05   6.939149e-05   6.939149e-05   7.689673e-05   7.689673e-05   7.689673e-05   7.689673e-05
   1.000000e-01   7.696439e-04   1.935489e-04   5.864616e-03  -6.276040e-03  -6.070426e-03   6.297745e-03  -2.678675e-04  -2.422141e-05   2.524380e-04   2.524380e-04   2.524380e-04   2.524380e-04   2.640352e-04   2.640352e-04   2.640352e-04   2.640352e-04
   1.000000e+00   4.491773e-04  -3.366527e-04   2.064807e-02  -1.915703e-02  -1.952516e-02   1.979465e-02  -3.483998e-04  -1.230070e-04   8.470445e-04   8.470445e-04   8.470445e-04   8.470445e-04   8.406689e-04   8.406689e-04   8.406689e-04   8.406689e-04
   1.000000e+01  -1.661278e-03  -1.914491e-03   6.410555e-02  -6.090997e-02  -6.315089e-02   6.569597e-02   1.194261e-03  -7.844200e-04   2.685292e-03   2.685292e-03   2.685292e-03   2.685292e-03   2.685358e-03   2.685358e-03   2.685358e-03   2.685358e-03
   37   37       5.000000       5.000000
    5
   1.000000e-03   1.449909e-05  -6.083263e-05   5.312446e-04  -5.327739e-04  -6.888058e-04   6.440845e-04  -6.782311e-05   1.092127e-04   2.166560e-05   2.166560e-05   2.166560e-05   2.166560e-05   2.692730e-05   2.692730e-05   2.692730e-05   2.692730e-05
   1.000000e-02   1.848195e-04  -1.137808e-04   1.487732e-03  -1.686930e-03  -1.900475e-03   1.982099e-03  -1.963732e-04   1.790008e-04   7.067859e-05   7.067859e-05   7.067859e-05   7.067859e-05   8.479988e-05   8.479988e-05   8.479988e-05   8.479988e-05
   1.000000e-01   6.333026e-04  -4.541953e-04   5.370288e-03  -6.541262e-03  -6.224166e-03   6.206526e-03  -7.720068e-04  -2.444109e-04   2.520220e-04   2.520220e-04   2.520220e-04   2.520220e-04   2.667669e-04   2.667669e-04   2.667669e-04   2.667669e-04
   1.000000e+00   2.671239e-04   6.578689e-05   1.999695e-02  -2.122981e-02  -2.007845e-02   2.008549e-02  -2.262151e-03  -9.233346e-04   8.470851e-04   8.470851e-04   8.470851e-04   8.470851e-04   8.402285e-04   8.402285e-04   8.402285e-04   8.402285e-04
   1.000000e+01   2.017031e-03  -6.379546e-05   6.233828e-02  -6.029652e-02  -5.882651e-02   6.099384e-02  -3.283543e-03  -6.896748e-04   2.685292e-03   2.685292e-03   2.685292e-03   2.685292e-03   2.685358e-03   2.685358e-03   2.685358e-03   2.685358e-03
   38   38       5.000000       9.000000
    5
   1.000000e-03   4.701032e-05  -5.171583e-05   5.356187e-04  -5.132236e-04  -6.728410e-04   6.213869e-04  -3.888171e-05   3.301347e-05   2.251912e-05   2.251912e-05   2.251912e-05   2.251912e-05   2.828276e-05   2.828276e-05   2.828276e-05   2.828276e-05
   1.000000e-02   4.816875e-05  -4.075345e-05   1.682073e-03  -1.877010e-03  -2.373636e-03   2.061423e-03  -5.795727e-05   1.687207e-04   7.301208e-05   7.301208e-05   7.301208e-05   7.301208e-05   8.805911e-05   8.805911e-05   8.805911e-05   8.805911e-05
   1.000000e-01   5.557589e-04   4.678940e-05   5.749704e-03  -6.030527e-03  -6.221302e-03   6.753368e-03  -3.876546e-04   1.980098e-04   2.553831e-04   2.553831e-04   2.553831e-04   2.553831e-04   2.675629e-04   2.675629e-04   2.675629e-04   2.675629e-04
   1.000000e+00   2.166632e-04  -2.078068e-04   2.019153e-02  -1.830670e-02  -1.737611e-02   2.011734e-02   1.204560e-03  -4.764471e-04   8.450100e-04   8.450100e-04   8.450100e-04   8.450100e-04   8.402162e-04   8.402162e-04   8.402162e-04   8.402162e-04
   1.000000e+01   4.475661e-03   1.165761e-03   6.569223e-02  -5.760068e-02  -6.184606e-02   6.080655e-02   4.049169e-03   1.980608e-03   2.685319e-03   2.685319e-03   2.685319e-03   2.685319e-03   2.685364e-03   2.685364e-03   2.685364e-03   2.685364e-03
   39   39       5.000000      13.000000
    5
   1.000000e-03   3.561506e-05  -2.406722e-05   5.508256e-04  -5.618293e-04  -6.350346e-04   6.695081e-04   3.778818e-06  -2.564982e-05   2.349584e-05   2.349584e-05   2.349584e-05   2.349584e-05   2.898524e-05   2.898524e-05   2.898524e-05   2.898524e-05
   1.000000e-02   4.813321e-05  -7.613620e-05   1.658270e-03  -1.982424e-03  -2.081264e-03   1.976209e-03  -2.533818e-05  -9.362846e-05   7.573709e-05   7.573709e-05   7.573709e-05   7.573709e-05   8.975114e-05   8.975114e-05   8.975114e-05   8.975114e-05
   1.000000e-01   2.601691e-04   1.544397e-04   5.933048e-03  -6.974861e-03  -6.669012e-03   5.973882e-03  -4.950335e-04   8.096657e-05   2.595948e-04   2.595948e-04   2.595948e-04   2.595948e-04   2.677369e-04   2.677369e-04   2.677369e-04   2.677369e-04
   1.000000e+00  -3.559032e-04  -6.986970e-04   2.078232e-02  -2.087881e-02  -1.972904e-02   2.012646e-02   3.480350e-04  -6.949103e-04   8.425191e-04   8.425191e-04   8.425191e-04   8.425191e-04   8.402543e-04   8.402543e-04   8.402543e-04   8.402543e-04
   1.000000e+01   6.296163e-04   1.210962e-03   6.401297e-02  -6.626834e-02  -6.019866e-02   6.086474e-02  -1.976575e-03   1.622884e-03   2.685362e-03   2.685362e-03   2.685362e-03   2.685362e-03   2.685375e-03   2.685375e-03   2.685375e-03   2.685375e-03
   40   40       5.000000      17.000000
    5
   1.000000e-03  -1.347149e-06  -3.207168e-05   6.003081e-04  -5.640937e-04  -6.847530e-04   7.140494e-04  -3.256304e-05   1.706944e-05   2.434463e-05   2.434463e-05   2.434463e-05   2.434463e-05   2.877146e-05   2.877146e-05   2.877146e-05   2.877146e-05
   1.000000e-02   1.182566e-04  -1.059238e-04   1.785674e-03  -1.898145e-03  -2.051632e-03   1.838337e-03   8.431162e-05   5.591829e-07   7.812850e-05   7.812850e-05   7.812850e-05   7.812850e-05   8.922074e-05   8.922074e-05   8.922074e-05   8.922074e-05
   1.000000e-01   3.670420e-04   2.146517e-04   5.940090e-03  -6.701548e-03  -6.370435e-03   6.301364e-03   1.704475e-04  -2.638426e-04   2.631807e-04   2.631807e-04   2.631807e-04   2.631807e-04   2.669727e-04   2.669727e-04   2.669727e-04   2.669727e-04
   1.000000e+00  -1.320832e-03  -9.437588e-04   2.029902e-02  -1.977990e-02  -1.919872e-02   2.015212e-02   5.791681e-04   6.724706e-04   8.407979e-04   8.407979e-04   8.407979e-04   8.407979e-04   8.404665e-04   8.404665e-04   8.404665e-04   8.404665e-04
   1.000000e+01   4.062960e-03  -4.322002e-04   6.201993e-02  -6.351998e-02  -5.837730e-02   6.172580e-02   3.015584e-03  -1.439117e-03   2.685379e-03   2.685379e-03   2.685379e-03   2.685379e-03   2.685378e-03   2.685378e-03   2.685378e-03   2.685378e-03
   41   41       9.000000     -17.000000
    5
   1.000000e-03   4.091235e-05   1.569306e-05   5.595604e-04  -5.385412e-04  -5.729506e-04   5.915259e-04   1.685304e-05  -1.091161e-05   2.374633e-05   2.374633e-05   2.374633e-05   2.374633e-05   2.452266e-05   2.452266e-05   2.452266e-05   2.452266e-05
   1.000000e-02   1.041521e-04  -7.193089e-06   1.775345e-03  -1.872297e-03  -1.810686e-03   2.014650e-03   6.558764e-06  -1.244080e-04   7.690266e-05   7.690266e-05   7.690266e-05   7.690266e-05   7.921960e-05   7.921960e-05   7.921960e-05   7.921960e-05
   1.000000e-01   1.569459e-04  -1.208218e-04   5.778605e-03  -7.060735e-03  -6.020649e-03   6.169390e-03   2.890645e-04  -7.134340e-05   2.646399e-04   2.646399e-04   2.646399e-04   2.646399e-04   2.664874e-04   2.664874e-04   2.664874e-04   2.664874e-04
   1.000000e+00  -1.238941e-03   6.832449e-04   2.046000e-02  -2.057863e-02  -1.916532e-02   2.005440e-02   1.840613e-04  -2.376502e-04   8.404910e-04   8.404910e-04   8.404910e-04   8.404910e-04   8.401851e-04   8.401851e-04   8.401851e-04   8.401851e-04
   1.000000e+01  -4.216696e-03  -7.087977e-05   6.006133e-02  -6.371154e-02  -6.163535e-02   6.626097e-02   2.212757e-03  -1.597374e-03   2.685379e-03   2.685379e-03   2.685379e-03   2.685379e-03   2.685379e-03   2.685379e-03   2.685379e-03   2.685379e-03
   42   42       9.000000     -13.000000
    5
   1.000000e-03  -3.559547e-05   4.329324e-06   5.153938e-04  -5.651175e-04  -5.349920e-04   5.862263e-04  -1.663947e-05   1.644392e-05   2.305211e-05   2.305211e-05   2.305211e-05   2.305211e-05   2.366753e-05   2.366753e-05   2.366753e-05   2.366753e-05
   1.000000e-02   2.024456e-05  -1.131973e-04   1.733501e-03  -1.844522e-03  -1.741003e-03   1.885769e-03  -1.109607e-04   3.809453e-05   7.490002e-05   7.490002e-05   7.490002e-05   7.490002e-05   7.707360e-05   7.707360e-05   7.707360e-05   7.707360e-05
   1.000000e-01   1.036754e-03   4.666427e-04   5.579191e-03  -6.449169e-03  -6.140219e-03   6.543191e-03  -1.571314e-04  -2.108727e-04   2.616208e-04   2.616208e-04   2.616208e-04   2.616208e-04   2.651515e-04   2.651515e-04   2.651515e-04   2.651515e-04
   1.000000e+00   6.634536e-04  -3.178849e-04   1.994785e-02  -2.006586e-02  -2.029928e-02   2.056198e-02   8.518606e-06  -6.459093e-04   8.417447e-04   8.417447e-04   8.417447e-04   8.417447e-04   8.406024e-04   8.406024e-04   8.406024e-04   8.406024e-04
   1.000000e+01  -4.625443e-04  -2.105309e-03   6.316434e-02  -6.273578e-02  -6.231399e-02   6.524107e-02  -1.278892e-03  -1.030351e-03   2.685368e-03   2.685368e-03   2.685368e-03   2.685368e-03   2.685376e-03   2.685376e-03   2.685376e-03   2.685376e-03
   43   43       9.000000      -9.000000
    5
   1.000000e-03   1.390776e-05   1.028619e-05   5.127657e-04  -5.497537e-04  -5.423808e-04   6.089717e-04  -4.411941e-05   5.705790e-05   2.255716e-05   2.255716e-05   2.255716e-05   2.255716e-05   2.334417e-05   2.334417e-05   2.334417e-05   2.334417e-05
   1.000000e-02   3.805179e-05  -1.380667e-04   1.595733e-03  -1.818943e-03  -1.668207e-03   1.687779e-03  -2.006275e-04   3.125427e-05   7.334128e-05   7.334128e-05   7.334128e-05   7.334128e-05   7.625511e-05   7.625511e-05   7.625511e-05   7.625511e-05
   1.000000e-01   3.036821e-04   2.748098e-04   5.030763e-03  -6.614131e-03  -5.006249e-03   6.490771e-03  -4.976727e-04  -4.588243e-04   2.581882e-04   2.581882e-04   2.581882e-04   2.581882e-04   2.645567e-04   2.645567e-04   2.645567e-04   2.645567e-04
   1.000000e+00  -6.164838e-04  -1.050554e-03   1.936584e-02  -2.005738e-02  -2.030616e-02   1.964590e-02  -7.776024e-05   1.156858e-03   8.435361e-04   8.435361e-04   8.435361e-04   8.435361e-04   8.407847e-04   8.407847e-04   8.407847e-04   8.407847e-04
   1.000000e+01  -1.787767e-03   1.939258e-03   6.219938e-02  -6.737816e-02  -6.141461e-02   7.053874e-02  -1.554415e-03  -2.418088e-03   2.685339e-03   2.685339e-03   2.685339e-03   2.685339e-03   2.685367e-03   2.685367e-03   2.685367e-03   2.685367e-03
   44   44       9.000000      -5.000000
    5
   1.000000e-03   2.194042e-05  -3.540048e-05   5.030542e-04  -5.605199e-04  -5.592517e-04   5.585548e-04  -4.432679e-05   8.444736e-05   2.245420e-05   2.245420e-05   2.245420e-05   2.245420e-05   2.372805e-05   2.372805e-05   2.372805e-05   2.372805e-05
   1.000000e-02  -2.337555e-06  -1.061007e-04   1.590795e-03  -1.759913e-03  -1.699988e-03   1.892610e-03  -2.960039e-04   4.870942e-05   7.277581e-05   7.277581e-05   7.277581e-05   7.277581e-05   7.718531e-05   7.718531e-05   7.718531e-05   7.718531e-05
   1.000000e-01  -1.460442e-04   1.712355e-04   5.680874e-03  -6.863835e-03  -5.271363e-03   6.220236e-03  -4.461411e-04  -4.598557e-05   2.554164e-04   2.554164e-04   2.554164e-04   2.554164e-04   2.649536e-04   2.649536e-04   2.649536e-04   2.649536e-04
   1.000000e+00   6.020052e-04   2.606498e-04   2.079443e-02  -2.037801e-02  -2.004957e-02   1.823268e-02   3.716761e-05   4.555640e-04   8.450044e-04   8.450044e-04   8.450044e-04   8.450044e-04   8.405375e-04   8.405375e-04   8.405375e-04   8.405375e-04
   1.000000e+01  -2.365612e-03   3.539820e-03   6.034780e-02  -6.349448e-02  -6.086465e-02   6.392603e-02   1.525173e-03  -9.953876e-04   2.685320e-03   2.685320e-03   2.685320e-03   2.685320e-03   2.685364e-03   2.685364e-03   2.685364e-03   2.685364e-03
   45   45       9.000000       5.000000
    5
   1.000000e-03  -1.243442e-05   1.575795e-05   5.714245e-04  -5.701150e-04  -6.302869e-04   6.243502e-04  -3.877097e-05   2.219051e-05   2.359577e-05   2.359577e-05   2.359577e-05   2.359577e-05   2.701141e-05   2.701141e-05   2.701141e-05   2.701141e-05
   1.000000e-02   2.601915e-05   3.739850e-05   1.819890e-03  -1.914478e-03  -2.056333e-03   2.169468e-03  -1.061544e-04   2.028244e-04   7.531987e-05   7.531987e-05   7.531987e-05   7.531987e-05   8.503066e-05   8.503066e-05   8.503066e-05   8.503066e-05
   1.000000e-01   3.422620e-04  -4.990290e-05   5.376684e-03  -6.071005e-03  -6.411646e-03   6.734479e-03  -6.394753e-04  -8.983511e-05   2.548717e-04   2.548717e-04   2.548717e-04   2.548717e-04   2.671643e-04   2.671643e-04   2.671643e-04   2.671643e-04
   1.000000e+00  -2.860645e-04  -3.427777e-04   2.084680e-02  -1.974373e-02  -1.820380e-02   1.932948e-02   3.437461e-04   6.897941e-04   8.450456e-04   8.450456e-04   8.450456e-04   8.450456e-04   8.402740e-04   8.402740e-04   8.402740e-04   8.402740e-04
   1.000000e+01   6.409599e-03  -6.293395e-04   6.671347e-02  -6.549100e-02  -6.522019e-02   6.175746e-02   4.815057e-04   2.911791e-03   2.685320e-03   2.685320e-03   2.685320e-03   2.685320e-03   2.685364e-03   2.685364e-03   2.685364e-03   2.685364e-03
   46   46       9.000000       9.000000
    5
   1.000000e-03   2.328171e-05  -3.752437e-05   5.735586e-04  -5.476877e-04  -6.375760e-04   7.393020e-04   3.794231e-06   3.766399e-05   2.428086e-05   2.428086e-05   2.428086e-05   2.428086e-05   2.836431e-05   2.836431e-05   2.836431e-05   2.836431e-05
   1.000000e-02  -1.449725e-04   3.090750e-05   1.676504e-03  -1.894098e-03  -2.124135e-03   2.099110e-03  -5.687320e-06   3.553025e-05   7.719914e-05   7.719914e-05   7.719914e-05   7.719914e-05   8.824606e-05   8.824606e-05   8.824606e-05   8.824606e-05
   1.000000e-01   4.606594e-04   7.230632e-04   5.640400e-03  -6.120277e-03  -6.065309e-03   6.482324e-03  -5.700329e-04   6.510922e-04   2.574660e-04   2.574660e-04   2.574660e-04   2.574660e-04   2.677359e-04   2.677359e-04   2.677359e-04   2.677359e-04
   1.000000e+00   1.848080e-04  -4.065629e-04   2.077732e-02  -1.893288e-02  -1.867908e-02   1.960456e-02  -1.734198e-03   1.614305e-03   8.435619e-04   8.435619e-04   8.435619e-04   8.435619e-04   8.402705e-04   8.402705e-04   8.402705e-04   8.402705e-04
   1.000000e+01   2.315065e-03  -3.990148e-03   5.881169e-02  -6.349691e-02  -5.996971e-02   6.281526e-02  -2.068595e-03   2.641977e-03   2.685338e-03   2.685338e-03   2.685338e-03   2.685338e-03   2.685369e-03   2.685369e-03   2.685369e-03   2.685369e-03
   47   47       9.000000      13.000000
    5
   1.000000e-03   8.106346e-06  -4.835513e-05   5.901012e-04  -6.200492e-04  -6.747416e-04   7.057575e-04   1.210742e-05   3.561134e-05   2.488864e-05   2.488864e-05   2.488864e-05   2.488864e-05   2.904635e-05   2.904635e-05   2.904635e-05   2.904635e-05
   1.000000e-02   3.054484e-05  -8.450444e-06   1.748879e-03  -1.797635e-03  -1.998440e-03   2.063121e-03   3.068307e-04  -4.016722e-05   7.900239e-05   7.900239e-05   7.900239e-05   7.900239e-05   8.985959e-05   8.985959e-05   8.985959e-05   8.985959e-05
   1.000000e-01   2.540926e-04   2.172176e-04   6.028476e-03  -6.428542e-03  -6.413441e-03   6.335437e-03  -1.697132e-04  -5.293836e-05   2.607675e-04   2.607675e-04   2.607675e-04   2.607675e-04   2.677042e-04   2.677042e-04   2.677042e-04   2.677042e-04
   1.000000e+00  -1.011437e-03  -5.626880e-05   1.955346e-02  -2.049832e-02  -1.847611e-02   1.911798e-02   5.646597e-04  -1.124882e-03   8.417935e-04   8.417935e-04   8.417935e-04   8.417935e-04   8.403192e-04   8.403192e-04   8.403192e-04   8.403192e-04
   1.000000e+01   3.344241e-03  -3.768399e-03   6.009376e-02  -6.353866e-02  -6.334340e-02   6.059330e-02  -2.976181e-03   9.043176e-04   2.685368e-03   2.685368e-03   2.685368e-03   2.685368e-03   2.685376e-03   2.685376e-03   2.685376e-03   2.685376e-03
   48   48       9.000000      17.000000
    5
   1.000000e-03   3.433415e-06   2.773419e-05   5.722452e-04  -5.934123e-04  -7.384987e-04   6.894185e-04   6.578805e-05  -5.276048e-05   2.532593e-05   2.532593e-05   2.532593e-05   2.532593e-05   2.882478e-05   2.882478e-05   2.882478e-05   2.882478e-05
   1.000000e-02   6.450917e-05  -6.754092e-05   1.808726e-03  -1.799358e-03  -2.033023e-03   1.933900e-03   1.438453e-04   1.037640e-06   8.038826e-05   8.038826e-05   8.038826e-05   8.038826e-05   8.929665e-05   8.929665e-05   8.929665e-05   8.929665e-05
   1.000000e-01   3.329763e-04   2.573035e-04   6.233483e-03  -6.492864e-03  -6.530817e-03   6.228574e-03   3.474105e-04   2.921360e-04   2.636258e-04   2.636258e-04   2.636258e-04   2.636258e-04   2.668463e-04   2.668463e-04   2.668463e-04   2.668463e-04
   1.000000e+00  -1.210546e-04   5.459421e-04   1.960382e-02  -2.056335e-02  -2.168651e-02   2.022511e-02   1.481585e-03  -4.710095e-04   8.405915e-04   8.405915e-04   8.405915e-04   8.405915e-04   8.404997e-04   8.404997e-04   8.404997e-04   8.404997e-04
   1.000000e+01  -3.827438e-03   1.173225e-03   6.018641e-02  -6.407564e-02  -5.934330e-02   6.715266e-02   2.235735e-03  -2.444119e-03   2.685379e-03   2.685379e-03   2.685379e-03   2.685379e-03   2.685379e-03   2.685379e-03   2.685379e-03   2.685379e-03
   49   49      13.000000     -17.000000
    5
   1.000000e-03  -8.910523e-07  -6.710350e-06   5.670209e-04  -6.097901e-04  -6.083839e-04   6.200339e-04  -4.579793e-05   1.772618e-05   2.440321e-05   2.440321e-05   2.440321e-05   2.440321e-05   2.465965e-05   2.465965e-05   2.465965e-05   2.465965e-05
   1.000000e-02   1.038775e-04  -5.028100e-05   1.799035e-03  -1.832051e-03  -2.042397e-03   1.853783e-03  -1.000696e-04   1.591065e-04   7.855534e-05   7.855534e-05   7.855534e-05   7.855534e-05   7.965433e-05   7.965433e-05   7.965433e-05   7.965433e-05
   1.000000e-01   1.003837e-04  -8.664961e-05   6.163613e-03  -6.544761e-03  -6.056867e-03   6.420726e-03  -3.585721e-04   2.760217e-04   2.656574e-04   2.656574e-04   2.656574e-04   2.656574e-04   2.671423e-04   2.671423e-04   2.671423e-04   2.671423e-04
   1.000000e+00   6.344273e-04   2.565449e-03   2.027714e-02  -2.201978e-02  -1.970033e-02   1.934638e-02   1.466581e-03  -1.727478e-04   8.402165e-04   8.402165e-04   8.402165e-04   8.402165e-04   8.401341e-04   8.401341e-04   8.401341e-04   8.401341e-04
   1.000000e+01  -1.371218e-03   1.350028e-03   6.238224e-02  -6.774610e-02  -6.192396e-02   5.878842e-02  -1.198523e-03   6.132490e-04   2.685379e-03   2.685379e-03   2.685379e-03   2.685379e-03   2.685379e-03   2.685379e-03   2.685379e-03   2.685379e-03
   50   50      13.000000     -13.000000
    5
   1.000000e-03  -3.028731e-05   1.837740e-05   5.262515e-04  -5.833665e-04  -5.760455e-04   5.739708e-04  -2.749666e-05  -1.920151e-05   2.407529e-05   2.407529e-05   2.407529e-05   2.407529e-05   2.401009e-05   2.401009e-05   2.401009e-05   2.401009e-05
   1.000000e-02   3.485832e-05   8.656497e-05   1.767650e-03  -1.830931e-03  -1.751244e-03   1.942593e-03  -2.191617e-04   1.160066e-04   7.749711e-05   7.749711e-05   7.749711e-05   7.749711e-05   7.803569e-05   7.803569e-05   7.803569e-05   7.803569e-05
   1.000000e-01   1.722679e-04  -8.401830e-05   5.558933e-03  -6.768681e-03  -6.069804e-03   6.478682e-03  -4.926876e-04  -2.928037e-04   2.636058e-04   2.636058e-04   2.636058e-04   2.636058e-04   2.662889e-04   2.662889e-04   2.662889e-04   2.662889e-04
   1.000000e+00   2.125207e-04  -3.855777e-04   1.868325e-02  -2.062646e-02  -1.939623e-02   2.081609e-02   3.083497e-04  -2.976655e-04   8.408143e-04   8.408143e-04   8.408143e-04   8.408143e-04   8.403323e-04   8.403323e-04   8.403323e-04   8.403323e-04
   1.000000e+01   2.184182e-03   1.834239e-03   6.052892e-02  -6.607789e-02  -6.359736e-02   6.620948e-02   1.142742e-03   5.570733e-03   2.685377e-03   2.685377e-03   2.685377e-03   2.685377e-03   2.685378e-03   2.685378e-03   2.685378e-03   2.685378e-03
   51   51      13.000000      -9.000000
    5
   1.000000e-03  -1.146716e-05  -9.981203e-06   5.273126e-04  -5.813733e-04  -5.512329e-04   5.895638e-04  -5.810282e-05   7.065695e-05   2.399769e-05   2.399769e-05   2.399769e-05   2.399769e-05   2.380554e-05   2.380554e-05   2.380554e-05   2.380554e-05
   1.000000e-02   7.229752e-05   4.052810e-05   1.730174e-03  -1.998223e-03  -1.669425e-03   1.933685e-03  -1.860357e-04   9.806748e-05   7.701190e-05   7.701190e-05   7.701190e-05   7.701190e-05   7.751224e-05   7.751224e-05   7.751224e-05   7.751224e-05
   1.000000e-01  -1.443790e-04  -1.020355e-04   5.486941e-03  -7.028217e-03  -6.109883e-03   5.638348e-03  -2.055076e-04   4.298264e-04   2.613445e-04   2.613445e-04   2.613445e-04   2.613445e-04   2.659064e-04   2.659064e-04   2.659064e-04   2.659064e-04
   1.000000e+00   6.057624e-04   2.246844e-05   2.032531e-02  -1.963972e-02  -2.020755e-02   2.169393e-02   8.574813e-04   1.690538e-03   8.416807e-04   8.416807e-04   8.416807e-04   8.416807e-04   8.404262e-04   8.404262e-04   8.404262e-04   8.404262e-04
   1.000000e+01  -2.100122e-04   2.599283e-04   5.911121e-02  -6.499247e-02  -6.403005e-02   6.064091e-02  -5.156811e-03  -4.170171e-03   2.685370e-03   2.685370e-03   2.685370e-03   2.685370e-03   2.685376e-03   2.685376e-03   2.685376e-03   2.685376e-03
   52   52      13.000000      -5.000000
    5
   1.000000e-03  -3.847640e-05   3.718007e-05   5.762860e-04  -5.565796e-04  -5.851353e-04   5.439977e-04  -5.265852e-05   3.468080e-05   2.426682e-05   2.426682e-05   2.426682e-05   2.426682e-05   2.416089e-05   2.416089e-05   2.416089e-05   2.416089e-05
   1.000000e-02  -1.393108e-04   5.532216e-06   1.855904e-03  -1.782962e-03  -1.813808e-03   1.938335e-03  -3.048689e-04   2.449572e-04   7.738592e-05   7.738592e-05   7.738592e-05   7.738592e-05   7.835471e-05   7.835471e-05   7.835471e-05   7.835471e-05
   1.000000e-01   6.280220e-04   2.743261e-04   5.757666e-03  -5.996646e-03  -6.099827e-03   6.585221e-03   2.095610e-05   3.862559e-04   2.595189e-04   2.595189e-04   2.595189e-04   2.595189e-04   2.661421e-04   2.661421e-04   2.661421e-04   2.661421e-04
   1.000000e+00   2.441695e-04  -5.361697e-05   2.003386e-02  -2.095290e-02  -2.050980e-02   2.055373e-02   3.502069e-04  -1.112250e-03   8.423930e-04   8.423930e-04   8.423930e-04   8.423930e-04   8.403130e-04   8.403130e-04   8.403130e-04   8.403130e-04
   1.000000e+01   8.993189e-04   3.265246e-03   6.383166e-02  -6.050311e-02  -5.895526e-02   6.575460e-02   1.589678e-03  -8.436503e-04   2.685365e-03   2.685365e-03   2.685365e-03   2.685365e-03   2.685374e-03   2.685374e-03   2.685374e-03   2.685374e-03
   53   53      13.000000       5.000000
    5
   1.000000e-03  -6.572018e-05   5.655190e-05   6.319049e-04  -5.772475e-04  -6.569812e-04   6.463380e-04  -7.008997e-05   2.258506e-05   2.569341e-05   2.569341e-05   2.569341e-05   2.569341e-05   2.694113e-05   2.694113e-05   2.694113e-05   2.694113e-05
   1.000000e-02  -1.256079e-04  -5.659321e-05   1.979779e-03  -1.861494e-03  -1.942359e-03   2.010913e-03   2.024686e-05  -1.591634e-05   8.054874e-05   8.054874e-05   8.054874e-05   8.054874e-05   8.491624e-05   8.491624e-05   8.491624e-05   8.491624e-05
   1.000000e-01  -4.385093e-04  -4.667846e-04   5.440283e-03  -5.881469e-03  -6.246972e-03   6.475164e-03  -5.758617e-04  -2.542432e-04   2.589291e-04   2.589291e-04   2.589291e-04   2.589291e-04   2.673700e-04   2.673700e-04   2.673700e-04   2.673700e-04
   1.000000e+00  -9.359270e-04  -4.672092e-04   1.957852e-02  -1.856150e-02  -2.065567e-02   1.888162e-02   1.525394e-05   1.417243e-04   8.424653e-04   8.424653e-04   8.424653e-04   8.424653e-04   8.403383e-04   8.403383e-04   8.403383e-04   8.403383e-04
   1.000000e+01  -5.003830e-03  -2.809025e-03   5.964595e-02  -6.882721e-02  -6.347630e-02   6.556992e-02  -3.683696e-03  -2.056881e-03   2.685365e-03   2.685365e-03   2.685365e-03   2.685365e-03   2.685374e-03   2.685374e-03   2.685374e-03   2.685374e-03
   54   54      13.000000       9.000000
    5
   1.000000e-03  -7.000578e-05   1.864449e-05   6.441088e-04  -6.571738e-04  -6.215139e-04   7.447957e-04   1.406461e-05  -2.711480e-05   2.610825e-05   2.610825e-05   2.610825e-05   2.610825e-05   2.807343e-05   2.807343e-05   2.807343e-05   2.807343e-05
   1.000000e-02   6.403864e-05   2.925830e-05   2.000869e-03  -1.835811e-03  -2.087507e-03   2.027376e-03  -1.099767e-04   3.185027e-05   8.169426e-05   8.169426e-05   8.169426e-05   8.169426e-05   8.756944e-05   8.756944e-05   8.756944e-05   8.756944e-05
   1.000000e-01   3.226836e-04  -1.511800e-04   5.573986e-03  -6.802084e-03  -6.499817e-03   6.053355e-03   5.119191e-05   2.486679e-04   2.604852e-04   2.604852e-04   2.604852e-04   2.604852e-04   2.675734e-04   2.675734e-04   2.675734e-04   2.675734e-04
   1.000000e+00  -1.191917e-03   1.826632e-03   2.084470e-02  -2.053431e-02  -2.170683e-02   1.883040e-02   2.859290e-04  -1.247660e-04   8.417484e-04   8.417484e-04   8.417484e-04   8.417484e-04   8.403808e-04   8.403808e-04   8.403808e-04   8.403808e-04
   1.000000e+01   1.952020e-04   4.970740e-03   6.297249e-02  -6.127904e-02  -5.965294e-02   6.124227e-02  -1.063968e-03   3.845260e-03   2.685369e-03   2.685369e-03   2.685369e-03   2.685369e-03   2.685375e-03   2.685375e-03   2.685375e-03   2.685375e-03
   55   55      13.000000      13.000000
    5
   1.000000e-03   2.280412e-06   2.907340e-05   6.030039e-04  -6.167148e-04  -6.747635e-04   7.082024e-04   1.380257e-05  -1.351080e-05   2.629020e-05   2.629020e-05   2.629020e-05   2.629020e-05   2.865937e-05   2.865937e-05   2.865937e-05   2.865937e-05
   1.000000e-02  -1.501480e-04  -2.230044e-05   1.968782e-03  -1.938642e-03  -2.090106e-03   2.171965e-03  -8.681781e-07   8.962000e-05   8.238622e-05   8.238622e-05   8.238622e-05   8.238622e-05   8.892412e-05   8.892412e-05   8.892412e-05   8.892412e-05
   1.000000e-01   2.015858e-05  -3.564595e-05   5.456384e-03  -5.624110e-03  -6.665250e-03   5.882795e-03  -5.375271e-04   2.185071e-04   2.625217e-04   2.625217e-04   2.625217e-04   2.625217e-04   2.673533e-04   2.673533e-04   2.673533e-04   2.673533e-04
   1.000000e+00  -2.291213e-04   2.957164e-04   2.020715e-02  -2.038667e-02  -1.978424e-02   1.874956e-02  -2.510256e-04  -1.247078e-05   8.409011e-04   8.409011e-04   8.409011e-04   8.409011e-04   8.404318e-04   8.404318e-04   8.404318e-04   8.404318e-04
   1.000000e+01   5.607005e-04  -5.084755e-03   6.005201e-02  -6.508436e-02  -6.283129e-02   6.293509e-02   3.359674e-03  -1.303416e-03   2.685377e-03   2.685377e-03   2.685377e-03   2.685377e-03   2.685378e-03   2.685378e-03   2.685378e-03   2.685378e-03
   56   56      13.000000      17.000000
    5
   1.000000e-03  -7.608718e-06   3.871716e-05   6.096266e-04  -6.151129e-04  -6.733661e-04   7.091704e-04   3.255081e-05   2.621510e-06   2.630348e-05   2.630348e-05   2.630348e-05   2.630348e-05   2.853287e-05   2.853287e-05   2.853287e-05   2.853287e-05
   1.000000e-02  -1.259239e-04   8.752905e-05   1.954594e-03  -1.958358e-03  -2.102456e-03   2.053264e-03   2.863409e-04   3.964955e-05   8.269224e-05   8.269224e-05   8.269224e-05   8.269224e-05   8.857671e-05   8.857671e-05   8.857671e-05   8.857671e-05
   1.000000e-01  -4.518455e-04   5.684332e-04   5.944045e-03  -6.446363e-03  -6.207577e-03   5.691305e-03  -1.368915e-04   1.042060e-04   2.643748e-04   2.643748e-04   2.643748e-04   2.643748e-04   2.666047e-04   2.666047e-04   2.666047e-04   2.666047e-04
   1.000000e+00   1.192033e-03   1.324886e-03   2.112816e-02  -1.859899e-02  -1.889030e-02   1.972331e-02  -2.088614e-06  -1.525464e-03   8.403431e-04   8.403431e-04   8.403431e-04   8.403431e-04   8.405226e-04   8.405226e-04   8.405226e-04   8.405226e-04
   1.000000e+01   2.240584e-04   1.515508e-03   6.024212e-02  -6.482224e-02  -6.340640e-02   6.362004e-02  -3.996872e-03  -7.231224e-03   2.685379e-03   2.685379e-03   2.685379e-03   2.685379e-03   2.685379e-03   2.685379e-03   2.685379e-03   2.685379e-03
   57   57      17.000000     -17.000000
    5
   1.000000e-03  -3.640005e-05   9.773387e-06   6.314895e-04  -5.948822e-04  -5.741298e-04   5.764455e-04  -4.054452e-05   5.702237e-05   2.526188e-05   2.526188e-05   2.526188e-05   2.526188e-05   2.494492e-05   2.494492e-05   2.494492e-05   2.494492e-05
   1.000000e-02   5.064788e-06  -3.557477e-05   1.938747e-03  -1.961102e-03  -1.868951e-03   1.938277e-03  -2.632133e-04   9.501006e-05   8.069147e-05   8.069147e-05   8.069147e-05   8.069147e-05   8.042524e-05   8.042524e-05   8.042524e-05   8.042524e-05
   1.000000e-01   2.790016e-04   9.052297e-05   5.665069e-03  -6.703974e-03  -5.989445e-03   6.200425e-03  -1.824550e-04  -1.247679e-04   2.666885e-04   2.666885e-04   2.666885e-04   2.666885e-04   2.676923e-04   2.676923e-04   2.676923e-04   2.676923e-04
   1.000000e+00  -2.381018e-04  -4.181059e-05   2.057852e-02  -1.875726e-02  -2.091253e-02   2.081729e-02  -2.725691e-04  -1.199908e-03   8.400751e-04   8.400751e-04   8.400751e-04   8.400751e-04   8.401259e-04   8.401259e-04   8.401259e-04   8.401259e-04
   1.000000e+01   5.793134e-04  -5.112081e-03   6.341698e-02  -6.728954e-02  -5.999232e-02   6.345793e-02   7.069791e-04   2.418557e-03   2.685379e-03   2.685379e-03   2.685379e-03   2.685379e-03   2.685379e-03   2.685379e-03   2.685379e-03   2.685379e-03
   58   58      17.000000     -13.000000
    5
   1.000000e-03  -9.288485e-06   1.614961e-05   5.935469e-04  -5.717281e-04  -5.572389e-04   6.440197e-04  -3.429627e-05   4.504186e-05   2.527580e-05   2.527580e-05   2.527580e-05   2.527580e-05   2.453215e-05   2.453215e-05   2.453215e-05   2.453215e-05
   1.000000e-02   5.931969e-06   7.771537e-06   1.900640e-03  -1.973937e-03  -1.790949e-03   1.951091e-03   8.294136e-05   6.592565e-06   8.052778e-05   8.052778e-05   8.052778e-05   8.052778e-05   7.940271e-05   7.940271e-05   7.940271e-05   7.940271e-05
   1.000000e-01  -1.364981e-04  -6.637230e-05   5.752497e-03  -6.554270e-03  -6.279872e-03   6.533677e-03  -3.093328e-04  -3.474023e-04   2.656042e-04   2.656042e-04   2.656042e-04   2.656042e-04   2.672851e-04   2.672851e-04   2.672851e-04   2.672851e-04
   1.000000e+00  -1.744613e-03  -6.624042e-04   1.980920e-02  -2.136930e-02  -1.909709e-02   1.965917e-02   1.165880e-03  -6.696507e-04   8.401636e-04   8.401636e-04   8.401636e-04   8.401636e-04   8.401543e-04   8.401543e-04   8.401543e-04   8.401543e-04
   1.000000e+01  -2.802898e-03  -1.853973e-03   6.190601e-02  -6.157741e-02  -6.201442e-02   6.584590e-02   1.161403e-03  -6.552668e-04   2.685379e-03   2.685379e-03   2.685379e-03   2.685379e-03   2.685379e-03   2.685379e-03   2.685379e-03   2.685379e-03
   59   59      17.000000      -9.000000
    5
   1.000000e-03  -2.027417e-05  -6.670365e-06   6.115554e-04  -6.456346e-04  -5.940254e-04   5.620538e-04  -1.045458e-04   7.260789e-05   2.550370e-05   2.550370e-05   2.550370e-05   2.550370e-05   2.444672e-05   2.444672e-05   2.444672e-05   2.444672e-05
   1.000000e-02  -1.190938e-04  -2.280838e-05   1.807099e-03  -1.989382e-03  -1.774036e-03   1.919613e-03   2.790114e-05  -6.853313e-05   8.085966e-05   8.085966e-05   8.085966e-05   8.085966e-05   7.917122e-05   7.917122e-05   7.917122e-05   7.917122e-05
   1.000000e-01  -9.649891e-05   9.113741e-05   6.048631e-03  -6.348824e-03  -6.234761e-03   5.905822e-03  -2.066442e-04  -9.767598e-05   2.644303e-04   2.644303e-04   2.644303e-04   2.644303e-04   2.670813e-04   2.670813e-04   2.670813e-04   2.670813e-04
   1.000000e+00  -1.112877e-03   2.263222e-04   1.986579e-02  -1.972092e-02  -1.846193e-02   2.015022e-02   1.272782e-03   2.347937e-03   8.403328e-04   8.403328e-04   8.403328e-04   8.403328e-04   8.401810e-04   8.401810e-04   8.401810e-04   8.401810e-04
   1.000000e+01  -3.227996e-03  -4.291648e-04   6.188652e-02  -7.061537e-02  -5.964478e-02   6.348836e-02  -3.333855e-04   2.786956e-03   2.685379e-03   2.685379e-03   2.685379e-03   2.685379e-03   2.685379e-03   2.685379e-03   2.685379e-03   2.685379e-03
   60   60      17.000000      -5.000000
    5
   1.000000e-03  -4.688404e-05   3.722361e-05   6.398055e-04  -5.923887e-04  -5.625945e-04   5.900135e-04  -7.985893e-05   4.171944e-05   2.594665e-05   2.594665e-05   2.594665e-05   2.594665e-05   2.474418e-05   2.474418e-05   2.474418e-05   2.474418e-05
   1.000000e-02  -7.495674e-05  -2.458613e-05   1.975936e-03  -1.926007e-03  -1.847330e-03   1.911298e-03  -1.617921e-04   1.896740e-04   8.171824e-05   8.171824e-05   8.171824e-05   8.171824e-05   7.985755e-05   7.985755e-05   7.985755e-05   7.985755e-05
   1.000000e-01   1.344232e-04   2.589194e-04   6.015363e-03  -6.743393e-03  -5.709575e-03   6.499982e-03  -3.671773e-04   5.033650e-05   2.634361e-04   2.634361e-04   2.634361e-04   2.634361e-04   2.671384e-04   2.671384e-04   2.671384e-04   2.671384e-04
   1.000000e+00   2.036289e-04  -1.439801e-03   2.027064e-02  -1.999058e-02  -2.127293e-02   1.979354e-02  -1.470555e-03  -1.451649e-03   8.404949e-04   8.404949e-04   8.404949e-04   8.404949e-04   8.401714e-04   8.401714e-04   8.401714e-04   8.401714e-04
   1.000000e+01   6.470602e-04   1.264977e-03   5.969341e-02  -7.010035e-02  -6.118158e-02   6.670226e-02  -1.399395e-03   3.174809e-03   2.685380e-03   2.685380e-03   2.685380e-03   2.685380e-03   2.685379e-03   2.685379e-03   2.685379e-03   2.685379e-03
   61   61      17.000000       5.000000
    5
   1.000000e-03  -4.241962e-05   8.890524e-05   6.446323e-04  -6.258108e-04  -6.401099e-04   6.710246e-04  -3.664852e-05   2.183587e-05   2.718897e-05   2.718897e-05   2.718897e-05   2.718897e-05   2.679141e-05   2.679141e-05   2.679141e-05   2.679141e-05
   1.000000e-02  -2.075987e-04   3.500272e-05   2.078392e-03  -1.868209e-03  -2.083016e-03   1.963955e-03  -2.320644e-04   1.468371e-04   8.443648e-05   8.443648e-05   8.443648e-05   8.443648e-05   8.461083e-05   8.461083e-05   8.461083e-05   8.461083e-05
   1.000000e-01   2.177730e-04   2.506546e-04   6.256051e-03  -6.152045e-03  -5.961244e-03   6.401130e-03   1.815184e-04  -2.803536e-04   2.627724e-04   2.627724e-04   2.627724e-04   2.627724e-04   2.673822e-04   2.673822e-04   2.673822e-04   2.673822e-04
   1.000000e+00  -5.131848e-05   1.281459e-04   2.047414e-02  -2.032354e-02  -2.067865e-02   1.842929e-02   4.929250e-04   4.049365e-04   8.406000e-04   8.406000e-04   8.406000e-04   8.406000e-04   8.403876e-04   8.403876e-04   8.403876e-04   8.403876e-04
   1.000000e+01  -5.386420e-03   3.346715e-03   6.123099e-02  -6.365362e-02  -6.460670e-02   6.124933e-02   2.083942e-03   1.730291e-03   2.685380e-03   2.685380e-03   2.685380e-03   2.685380e-03   2.685378e-03   2.685378e-03   2.685378e-03   2.685378e-03
   62   62      17.000000       9.000000
    5
   1.000000e-03  -6.637165e-05   1.124201e-05   6.365826e-04  -6.624843e-04  -6.622216e-04   6.291658e-04  -8.352489e-06  -6.399575e-06   2.735635e-05   2.735635e-05   2.735635e-05   2.735635e-05   2.761197e-05   2.761197e-05   2.761197e-05   2.761197e-05
   1.000000e-02   4.248997e-05   1.348454e-04   1.957851e-03  -1.974051e-03  -2.080214e-03   1.992074e-03   1.581750e-04   4.102717e-05   8.490036e-05   8.490036e-05   8.490036e-05   8.490036e-05   8.649829e-05   8.649829e-05   8.649829e-05   8.649829e-05
   1.000000e-01   3.231086e-04   2.125791e-04   6.456087e-03  -6.335464e-03  -6.054849e-03   6.477855e-03   1.294294e-04   9.309616e-05   2.633780e-04   2.633780e-04   2.633780e-04   2.633780e-04   2.672591e-04   2.672591e-04   2.672591e-04   2.672591e-04
   1.000000e+00   2.253221e-05  -7.279771e-04   2.087002e-02  -1.985993e-02  -1.972846e-02   1.824566e-02  -3.345695e-04  -5.119746e-04   8.404677e-04   8.404677e-04   8.404677e-04   8.404677e-04   8.404622e-04   8.404622e-04   8.404622e-04   8.404622e-04
   1.000000e+01   7.585627e-04   3.107293e-04   6.400276e-02  -6.527867e-02  -6.368134e-02   6.343531e-02   9.082600e-04   3.578158e-03   2.685379e-03   2.685379e-03   2.685379e-03   2.685379e-03   2.685378e-03   2.685378e-03   2.685378e-03   2.685378e-03
   63   63      17.000000      13.000000
    5
   1.000000e-03  -6.741620e-05   4.508044e-05   7.026390e-04  -6.860488e-04  -6.787155e-04   6.726200e-04   6.849222e-05  -2.748103e-05   2.726959e-05   2.726959e-05   2.726959e-05   2.726959e-05   2.806860e-05   2.806860e-05   2.806860e-05   2.806860e-05
   1.000000e-02  -1.840959e-04   1.116828e-04   2.070822e-03  -2.027320e-03  -2.049883e-03   1.863019e-03   3.170849e-05  -1.363977e-05   8.483848e-05   8.483848e-05   8.483848e-05   8.483848e-05   8.752692e-05   8.752692e-05   8.752692e-05   8.752692e-05
   1.000000e-01  -1.655951e-04  -4.241091e-04   6.177293e-03  -6.616545e-03  -6.386532e-03   6.577475e-03   4.869859e-05   1.528519e-04   2.642690e-04   2.642690e-04   2.642690e-04   2.642690e-04   2.669376e-04   2.669376e-04   2.669376e-04   2.669376e-04
   1.000000e+00  -3.661694e-04  -3.971614e-04   1.906044e-02  -1.888446e-02  -1.943665e-02   1.816959e-02   2.136168e-03  -2.798128e-04   8.403080e-04   8.403080e-04   8.403080e-04   8.403080e-04   8.404998e-04   8.404998e-04   8.404998e-04   8.404998e-04
   1.000000e+01  -1.454244e-04   2.326869e-03   6.054894e-02  -6.440763e-02  -5.862375e-02   6.340091e-02   1.962220e-03  -6.248249e-03   2.685379e-03   2.685379e-03   2.685379e-03   2.685379e-03   2.685379e-03   2.685379e-03   2.685379e-03   2.685379e-03
   64   64      17.000000      17.000000
    5
   1.000000e-03  -2.217083e-07   7.670995e-06   5.734422e-04  -6.301815e-04  -6.494090e-04   6.573175e-04   6.851505e-05  -3.623381e-06   2.704568e-05   2.704568e-05   2.704568e-05   2.704568e-05   2.806411e-05   2.806411e-05   2.806411e-05   2.806411e-05
   1.000000e-02  -2.342244e-05   1.522009e-04   2.086772e-03  -1.964661e-03  -2.104564e-03   1.915700e-03  -3.941061e-05  -1.057177e-04   8.448730e-05   8.448730e-05   8.448730e-05   8.448730e-05   8.746522e-05   8.746522e-05   8.746522e-05   8.746522e-05
   1.000000e-01  -2.615820e-04   4.108044e-04   6.276714e-03  -5.838493e-03  -6.301473e-03   6.193636e-03   1.147730e-04  -3.422902e-06   2.651988e-04   2.651988e-04   2.651988e-04   2.651988e-04   2.663947e-04   2.663947e-04   2.663947e-04   2.663947e-04
   1.000000e+00   1.461145e-03  -6.852966e-04   1.909695e-02  -1.997988e-02  -1.945341e-02   2.053769e-02   7.698316e-04   1.373322e-03   8.402134e-04   8.402134e-04   8.402134e-04   8.402134e-04   8.405041e-04   8.405041e-04   8.405041e-04   8.405041e-04
   1.000000e+01  -3.039033e-03   6.133044e-03   6.401955e-02  -6.229300e-02  -6.381390e-02   6.512337e-02   1.961183e-03   8.766985e-04   2.685379e-03   2.685379e-03   2.685379e-03   2.685379e-03   2.685379e-03   2.685379e-03   2.685379e-03   2.685379e-03
END
