PT    37
1     1           -13         -13
5
0.001 -1.003E+00 -3.852E-02 -3.852E-02 -1.003E+00 0.05013 0.001926 0.001926 0.05013
0.01 -9.966E-01 -1.023E-01 -1.023E-01 -9.966E-01 0.04983 0.005114 0.005114 0.04983
0.1 -1.117E+00 -7.178E-02 -7.178E-02 -1.117E+00 0.05585 0.003589 0.003589 0.05585
1 -9.870E-01 1.827E-03 1.827E-03 -9.870E-01 0.04935 9.999E+03 9.999E+03 0.04935
10 -1.029E+00 -9.928E-07 -9.928E-07 -1.029E+00 0.05147 9.999E+03 9.999E+03 0.05147
2     2           -13         -9
5
0.001 -1.027E+00 -3.484E-02 -3.968E-02 -9.942E-01 0.05135 0.001742 0.001984 0.04971
0.01 -1.061E+00 -9.152E-02 -1.044E-01 -9.740E-01 0.05303 0.004576 0.005218 0.0487
0.1 -1.211E+00 -6.521E-02 -7.788E-02 -1.135E+00 0.06056 0.00326 0.003894 0.05677
1 -9.814E-01 1.617E-03 2.112E-03 -9.843E-01 0.04907 9.999E+03 9.999E+03 0.04922
10 -1.029E+00 -1.025E-06 -1.459E-06 -1.029E+00 0.05147 9.999E+03 9.999E+03 0.05147
3     3           -13         -5
5
0.001 -1.057E+00 -2.284E-02 -2.971E-02 -9.863E-01 0.05284 0.001142 0.001486 0.04931
0.01 -1.137E+00 -5.934E-02 -7.721E-02 -9.529E-01 0.05686 0.002967 0.00386 0.04765
0.1 -1.312E+00 -4.069E-02 -5.792E-02 -1.149E+00 0.0656 0.002034 0.002896 0.05745
1 -9.760E-01 8.985E-04 1.548E-03 -9.821E-01 0.0488 9.999E+03 9.999E+03 0.04911
10 -1.029E+00 -2.330E-07 -4.903E-07 -1.029E+00 0.05147 9.999E+03 9.999E+03 0.05147
4     4           -13         5
5
0.001 -1.057E+00 2.284E-02 2.972E-02 -9.863E-01 0.05284 1.142E-03 1.486E-03 0.04931
0.01 -1.137E+00 5.934E-02 7.721E-02 -9.529E-01 0.05686 2.967E-03 3.860E-03 0.04765
0.1 -1.312E+00 4.069E-02 5.792E-02 -1.149E+00 0.0656 2.034E-03 2.896E-03 0.05745
1 -9.760E-01 -8.985E-04 -1.548E-03 -9.821E-01 0.0488 9.999E+03 9.999E+03 0.04911
10 -1.029E+00 2.330E-07 4.903E-07 -1.029E+00 0.05147 9.999E+03 9.999E+03 0.05147
5     5           -13         9
5
0.001 -1.027E+00 3.485E-02 3.969E-02 -9.942E-01 0.05135 1.742E-03 1.984E-03 0.04971
0.01 -1.061E+00 9.152E-02 1.044E-01 -9.740E-01 0.05303 4.576E-03 5.218E-03 0.0487
0.1 -1.211E+00 6.521E-02 7.788E-02 -1.135E+00 0.06056 3.260E-03 3.894E-03 0.05677
1 -9.814E-01 -1.617E-03 -2.112E-03 -9.843E-01 0.04907 9.999E+03 9.999E+03 0.04922
10 -1.029E+00 1.025E-06 1.459E-06 -1.029E+00 0.05147 9.999E+03 9.999E+03 0.05147
6     6           -13         13
5
0.001 -1.003E+00 3.853E-02 3.853E-02 -1.003E+00 0.05013 1.926E-03 1.926E-03 0.05013
0.01 -9.966E-01 1.023E-01 1.023E-01 -9.966E-01 0.04983 5.114E-03 5.114E-03 0.04983
0.1 -1.117E+00 7.178E-02 7.178E-02 -1.117E+00 0.05585 3.589E-03 3.589E-03 0.05585
1 -9.870E-01 -1.827E-03 -1.827E-03 -9.870E-01 0.04935 9.999E+03 9.999E+03 0.04935
10 -1.029E+00 9.928E-07 9.928E-07 -1.029E+00 0.05147 9.999E+03 9.999E+03 0.05147
7     7           -9          -13
5
0.001 -9.942E-01 -3.968E-02 -3.484E-02 -1.027E+00 0.04971 0.001984 0.001742 0.05135
0.01 -9.740E-01 -1.044E-01 -9.152E-02 -1.061E+00 0.0487 0.005218 0.004576 0.05303
0.1 -1.135E+00 -7.788E-02 -6.521E-02 -1.211E+00 0.05677 0.003894 0.00326 0.06056
1 -9.843E-01 2.112E-03 1.617E-03 -9.814E-01 0.04922 9.999E+03 9.999E+03 0.04907
10 -1.029E+00 -1.459E-06 -1.025E-06 -1.029E+00 0.05147 9.999E+03 9.999E+03 0.05147
8     8           -9          -9
5
0.001 -1.025E+00 -3.847E-02 -3.847E-02 -1.025E+00 0.05127 0.001924 0.001924 0.05127
0.01 -1.054E+00 -9.898E-02 -9.898E-02 -1.054E+00 0.05272 0.004949 0.004949 0.05272
0.1 -1.269E+00 -7.365E-02 -7.365E-02 -1.269E+00 0.06347 0.003682 0.003682 0.06347
1 -9.769E-01 1.812E-03 1.812E-03 -9.769E-01 0.04884 9.999E+03 9.999E+03 0.04884
10 -1.029E+00 -1.499E-06 -1.499E-06 -1.029E+00 0.05147 9.999E+03 9.999E+03 0.05147
9     9           -9          -5
5
0.001 -1.069E+00 -2.667E-02 -3.102E-02 -1.022E+00 0.05346 0.001333 0.001551 0.05108
0.01 -1.163E+00 -6.711E-02 -7.781E-02 -1.044E+00 0.05817 0.003356 0.003891 0.05218
0.1 -1.423E+00 -4.688E-02 -5.681E-02 -1.314E+00 0.07114 0.002344 0.00284 0.0657
1 -9.696E-01 9.593E-04 1.301E-03 -9.734E-01 0.04848 9.999E+03 9.999E+03 0.04867
10 -1.030E+00 -3.248E-07 -5.227E-07 -1.029E+00 0.05148 9.999E+03 9.999E+03 0.05147
10    10          -9          5
5
0.001 -1.069E+00 2.668E-02 3.102E-02 -1.022E+00 0.05346 1.334E-03 1.551E-03 0.05108
0.01 -1.163E+00 6.711E-02 7.781E-02 -1.044E+00 0.05817 3.356E-03 3.891E-03 0.05218
0.1 -1.423E+00 4.688E-02 5.681E-02 -1.314E+00 0.07114 2.344E-03 2.840E-03 0.0657
1 -9.696E-01 -9.593E-04 -1.301E-03 -9.734E-01 0.04848 9.999E+03 9.999E+03 0.04867
10 -1.030E+00 3.248E-07 5.227E-07 -1.029E+00 0.05148 9.999E+03 9.999E+03 0.05147
11    11          -9          9
5
0.001 -1.025E+00 3.848E-02 3.848E-02 -1.025E+00 0.05127 1.924E-03 1.924E-03 0.05127
0.01 -1.054E+00 9.898E-02 9.898E-02 -1.054E+00 0.05272 4.949E-03 4.949E-03 0.05272
0.1 -1.269E+00 7.365E-02 7.365E-02 -1.269E+00 0.06347 3.682E-03 3.682E-03 0.06347
1 -9.769E-01 -1.812E-03 -1.812E-03 -9.769E-01 0.04884 9.999E+03 9.999E+03 0.04884
10 -1.029E+00 1.499E-06 1.499E-06 -1.029E+00 0.05147 9.999E+03 9.999E+03 0.05147
12    12          -9          13
5
0.001 -9.942E-01 3.969E-02 3.485E-02 -1.027E+00 0.04971 1.984E-03 1.742E-03 0.05135
0.01 -9.740E-01 1.044E-01 9.152E-02 -1.061E+00 0.0487 5.218E-03 4.576E-03 0.05303
0.1 -1.135E+00 7.788E-02 6.521E-02 -1.211E+00 0.05677 3.894E-03 3.260E-03 0.06056
1 -9.843E-01 -2.112E-03 -1.617E-03 -9.814E-01 0.04922 9.999E+03 9.999E+03 0.04907
10 -1.029E+00 1.459E-06 1.025E-06 -1.029E+00 0.05147 9.999E+03 9.999E+03 0.05147
13    13          -5          -13
5
0.001 -9.862E-01 -2.971E-02 -2.284E-02 -1.057E+00 0.04931 0.001486 0.001142 0.05284
0.01 -9.529E-01 -7.721E-02 -5.934E-02 -1.137E+00 0.04765 0.00386 0.002967 0.05686
0.1 -1.149E+00 -5.792E-02 -4.069E-02 -1.312E+00 0.05745 0.002896 0.002034 0.0656
1 -9.821E-01 1.548E-03 8.985E-04 -9.760E-01 0.04911 9.999E+03 9.999E+03 0.0488
10 -1.029E+00 -4.903E-07 -2.330E-07 -1.029E+00 0.05147 9.999E+03 9.999E+03 0.05147
14    14          -5          -9
5
0.001 -1.022E+00 -3.102E-02 -2.667E-02 -1.069E+00 0.05108 0.001551 0.001333 0.05346
0.01 -1.044E+00 -7.781E-02 -6.711E-02 -1.163E+00 0.05218 0.003891 0.003356 0.05817
0.1 -1.314E+00 -5.681E-02 -4.688E-02 -1.423E+00 0.0657 0.00284 0.002344 0.07114
1 -9.734E-01 1.301E-03 9.593E-04 -9.696E-01 0.04867 9.999E+03 9.999E+03 0.04848
10 -1.029E+00 -5.227E-07 -3.248E-07 -1.030E+00 0.05147 9.999E+03 9.999E+03 0.05148
15    15          -5          -5
5
0.001 -1.077E+00 -2.301E-02 -2.301E-02 -1.077E+00 0.05387 0.001151 0.001151 0.05387
0.01 -1.180E+00 -5.566E-02 -5.566E-02 -1.180E+00 0.05901 0.002783 0.002783 0.05901
0.1 -1.513E+00 -3.710E-02 -3.710E-02 -1.513E+00 0.07564 0.001855 0.001855 0.07564
1 -9.649E-01 6.697E-04 6.697E-04 -9.649E-01 0.04824 9.999E+03 9.999E+03 0.04824
10 -1.030E+00 -1.207E-07 -1.207E-07 -1.030E+00 0.05148 9.999E+03 9.999E+03 0.05148
16    16          -5          5
5
0.001 -1.077E+00 2.302E-02 2.302E-02 -1.077E+00 0.05387 1.151E-03 1.151E-03 0.05387
0.01 -1.180E+00 5.566E-02 5.566E-02 -1.180E+00 0.05901 2.783E-03 2.783E-03 0.05901
0.1 -1.513E+00 3.710E-02 3.710E-02 -1.513E+00 0.07564 1.855E-03 1.855E-03 0.07564
1 -9.649E-01 -6.697E-04 -6.697E-04 -9.649E-01 0.04824 9.999E+03 9.999E+03 0.04824
10 -1.030E+00 1.207E-07 1.207E-07 -1.030E+00 0.05148 9.999E+03 9.999E+03 0.05148
17    17          -5          9
5
0.001 -1.022E+00 3.102E-02 2.667E-02 -1.069E+00 0.05108 1.551E-03 1.334E-03 0.05346
0.01 -1.044E+00 7.781E-02 6.711E-02 -1.163E+00 0.05218 3.891E-03 3.356E-03 0.05817
0.1 -1.314E+00 5.681E-02 4.688E-02 -1.423E+00 0.0657 2.840E-03 2.344E-03 0.07114
1 -9.734E-01 -1.301E-03 -9.593E-04 -9.696E-01 0.04867 9.999E+03 9.999E+03 0.04848
10 -1.029E+00 5.227E-07 3.248E-07 -1.030E+00 0.05147 9.999E+03 9.999E+03 0.05148
18    18          -5          13
5
0.001 -9.862E-01 2.972E-02 2.284E-02 -1.057E+00 0.04931 1.486E-03 1.142E-03 0.05284
0.01 -9.529E-01 7.721E-02 5.934E-02 -1.137E+00 0.04765 3.860E-03 2.967E-03 0.05686
0.1 -1.149E+00 5.792E-02 4.069E-02 -1.312E+00 0.05745 2.896E-03 2.034E-03 0.0656
1 -9.821E-01 -1.548E-03 -8.985E-04 -9.760E-01 0.04911 9.999E+03 9.999E+03 0.0488
10 -1.029E+00 4.903E-07 2.330E-07 -1.029E+00 0.05147 9.999E+03 9.999E+03 0.05147
19    19          5           -13
5
0.001 -9.862E-01 2.972E-02 2.285E-02 -1.057E+00 0.04931 1.486E-03 1.142E-03 0.05284
0.01 -9.529E-01 7.721E-02 5.934E-02 -1.137E+00 0.04765 3.860E-03 2.967E-03 0.05686
0.1 -1.149E+00 5.792E-02 4.069E-02 -1.312E+00 0.05745 2.896E-03 2.034E-03 0.0656
1 -9.821E-01 -1.548E-03 -8.985E-04 -9.760E-01 0.04911 9.999E+03 9.999E+03 0.0488
10 -1.029E+00 4.903E-07 2.330E-07 -1.029E+00 0.05147 9.999E+03 9.999E+03 0.05147
20    20          5           -9
5
0.001 -1.022E+00 3.102E-02 2.668E-02 -1.069E+00 0.05108 1.551E-03 1.334E-03 0.05346
0.01 -1.044E+00 7.781E-02 6.711E-02 -1.163E+00 0.05218 3.891E-03 3.356E-03 0.05817
0.1 -1.314E+00 5.681E-02 4.688E-02 -1.423E+00 0.0657 2.840E-03 2.344E-03 0.07114
1 -9.734E-01 -1.301E-03 -9.593E-04 -9.696E-01 0.04867 9.999E+03 9.999E+03 0.04848
10 -1.029E+00 5.227E-07 3.248E-07 -1.030E+00 0.05147 9.999E+03 9.999E+03 0.05148
21    21          5           -5
5
0.001 -1.077E+00 2.302E-02 2.302E-02 -1.077E+00 0.05387 1.151E-03 1.151E-03 0.05387
0.01 -1.180E+00 5.566E-02 5.566E-02 -1.180E+00 0.05901 2.783E-03 2.783E-03 0.05901
0.1 -1.513E+00 3.710E-02 3.710E-02 -1.513E+00 0.07564 1.855E-03 1.855E-03 0.07564
1 -9.649E-01 -6.697E-04 -6.697E-04 -9.649E-01 0.04824 9.999E+03 9.999E+03 0.04824
10 -1.030E+00 1.207E-07 1.207E-07 -1.030E+00 0.05148 9.999E+03 9.999E+03 0.05148
22    22          5           5
5
0.001 -1.077E+00 -2.302E-02 -2.301E-02 -1.077E+00 0.05387 0.001151 0.001151 0.05387
0.01 -1.180E+00 -5.566E-02 -5.566E-02 -1.180E+00 0.05901 0.002783 0.002783 0.05901
0.1 -1.513E+00 -3.710E-02 -3.710E-02 -1.513E+00 0.07564 0.001855 0.001855 0.07564
1 -9.649E-01 6.697E-04 6.697E-04 -9.649E-01 0.04824 9.999E+03 9.999E+03 0.04824
10 -1.030E+00 -1.207E-07 -1.207E-07 -1.030E+00 0.05148 9.999E+03 9.999E+03 0.05148
23    23          5           9
5
0.001 -1.022E+00 -3.102E-02 -2.667E-02 -1.069E+00 0.05108 0.001551 0.001333 0.05346
0.01 -1.044E+00 -7.781E-02 -6.711E-02 -1.163E+00 0.05218 0.003891 0.003356 0.05817
0.1 -1.314E+00 -5.681E-02 -4.688E-02 -1.423E+00 0.0657 0.00284 0.002344 0.07114
1 -9.734E-01 1.301E-03 9.593E-04 -9.696E-01 0.04867 9.999E+03 9.999E+03 0.04848
10 -1.029E+00 -5.227E-07 -3.248E-07 -1.030E+00 0.05147 9.999E+03 9.999E+03 0.05148
24    24          5           13
5
0.001 -9.862E-01 -2.971E-02 -2.284E-02 -1.057E+00 0.04931 0.001486 0.001142 0.05284
0.01 -9.529E-01 -7.721E-02 -5.934E-02 -1.137E+00 0.04765 0.00386 0.002967 0.05686
0.1 -1.149E+00 -5.792E-02 -4.069E-02 -1.312E+00 0.05745 0.002896 0.002034 0.0656
1 -9.821E-01 1.548E-03 8.985E-04 -9.760E-01 0.04911 9.999E+03 9.999E+03 0.0488
10 -1.029E+00 -4.903E-07 -2.330E-07 -1.029E+00 0.05147 9.999E+03 9.999E+03 0.05147
25    25          9           -13
5
0.001 -9.942E-01 3.968E-02 3.485E-02 -1.027E+00 0.04971 1.984E-03 1.742E-03 0.05135
0.01 -9.740E-01 1.044E-01 9.152E-02 -1.061E+00 0.0487 5.218E-03 4.576E-03 0.05303
0.1 -1.135E+00 7.788E-02 6.521E-02 -1.211E+00 0.05677 3.894E-03 3.260E-03 0.06056
1 -9.843E-01 -2.112E-03 -1.617E-03 -9.814E-01 0.04922 9.999E+03 9.999E+03 0.04907
10 -1.029E+00 1.459E-06 1.025E-06 -1.029E+00 0.05147 9.999E+03 9.999E+03 0.05147
26    26          9           -9
5
0.001 -1.025E+00 3.848E-02 3.848E-02 -1.025E+00 0.05127 1.924E-03 1.924E-03 0.05127
0.01 -1.054E+00 9.898E-02 9.898E-02 -1.054E+00 0.05272 4.949E-03 4.949E-03 0.05272
0.1 -1.269E+00 7.365E-02 7.365E-02 -1.269E+00 0.06347 3.682E-03 3.682E-03 0.06347
1 -9.769E-01 -1.812E-03 -1.812E-03 -9.769E-01 0.04884 9.999E+03 9.999E+03 0.04884
10 -1.029E+00 1.499E-06 1.499E-06 -1.029E+00 0.05147 9.999E+03 9.999E+03 0.05147
27    27          9           -5
5
0.001 -1.069E+00 2.667E-02 3.102E-02 -1.022E+00 0.05346 1.334E-03 1.551E-03 0.05108
0.01 -1.163E+00 6.711E-02 7.781E-02 -1.044E+00 0.05817 3.356E-03 3.891E-03 0.05218
0.1 -1.423E+00 4.688E-02 5.681E-02 -1.314E+00 0.07114 2.344E-03 2.840E-03 0.0657
1 -9.696E-01 -9.593E-04 -1.301E-03 -9.734E-01 0.04848 9.999E+03 9.999E+03 0.04867
10 -1.030E+00 3.248E-07 5.227E-07 -1.029E+00 0.05148 9.999E+03 9.999E+03 0.05147
28    28          9           5
5
0.001 -1.069E+00 -2.667E-02 -3.102E-02 -1.022E+00 0.05346 0.001334 0.001551 0.05108
0.01 -1.163E+00 -6.711E-02 -7.781E-02 -1.044E+00 0.05817 0.003356 0.003891 0.05218
0.1 -1.423E+00 -4.688E-02 -5.681E-02 -1.314E+00 0.07114 0.002344 0.00284 0.0657
1 -9.696E-01 9.593E-04 1.301E-03 -9.734E-01 0.04848 9.999E+03 9.999E+03 0.04867
10 -1.030E+00 -3.248E-07 -5.227E-07 -1.029E+00 0.05148 9.999E+03 9.999E+03 0.05147
29    29          9           9
5
0.001 -1.025E+00 -3.847E-02 -3.847E-02 -1.025E+00 0.05127 0.001924 0.001924 0.05127
0.01 -1.054E+00 -9.898E-02 -9.898E-02 -1.054E+00 0.05272 0.004949 0.004949 0.05272
0.1 -1.269E+00 -7.365E-02 -7.365E-02 -1.269E+00 0.06347 0.003682 0.003682 0.06347
1 -9.769E-01 1.812E-03 1.812E-03 -9.769E-01 0.04884 9.999E+03 9.999E+03 0.04884
10 -1.029E+00 -1.499E-06 -1.499E-06 -1.029E+00 0.05147 9.999E+03 9.999E+03 0.05147
30    30          9           13
5
0.001 -9.942E-01 -3.968E-02 -3.484E-02 -1.027E+00 0.04971 0.001984 0.001742 0.05135
0.01 -9.740E-01 -1.044E-01 -9.152E-02 -1.061E+00 0.0487 0.005218 0.004576 0.05303
0.1 -1.135E+00 -7.788E-02 -6.521E-02 -1.211E+00 0.05677 0.003894 0.00326 0.06056
1 -9.843E-01 2.112E-03 1.617E-03 -9.814E-01 0.04922 9.999E+03 9.999E+03 0.04907
10 -1.029E+00 -1.459E-06 -1.025E-06 -1.029E+00 0.05147 9.999E+03 9.999E+03 0.05147
31    31          13          -13
5
0.001 -1.003E+00 3.852E-02 3.853E-02 -1.003E+00 0.05013 1.926E-03 1.926E-03 0.05013
0.01 -9.966E-01 1.023E-01 1.023E-01 -9.966E-01 0.04983 5.114E-03 5.114E-03 0.04983
0.1 -1.117E+00 7.178E-02 7.178E-02 -1.117E+00 0.05585 3.589E-03 3.589E-03 0.05585
1 -9.870E-01 -1.827E-03 -1.827E-03 -9.870E-01 0.04935 9.999E+03 9.999E+03 0.04935
10 -1.029E+00 9.928E-07 9.928E-07 -1.029E+00 0.05147 9.999E+03 9.999E+03 0.05147
32    32          13          -9
5
0.001 -1.027E+00 3.484E-02 3.969E-02 -9.942E-01 0.05135 1.742E-03 1.984E-03 0.04971
0.01 -1.061E+00 9.152E-02 1.044E-01 -9.740E-01 0.05303 4.576E-03 5.218E-03 0.0487
0.1 -1.211E+00 6.521E-02 7.788E-02 -1.135E+00 0.06056 3.260E-03 3.894E-03 0.05677
1 -9.814E-01 -1.617E-03 -2.112E-03 -9.843E-01 0.04907 9.999E+03 9.999E+03 0.04922
10 -1.029E+00 1.025E-06 1.459E-06 -1.029E+00 0.05147 9.999E+03 9.999E+03 0.05147
33    33          13          -5
5
0.001 -1.057E+00 2.284E-02 2.972E-02 -9.863E-01 0.05284 1.142E-03 1.486E-03 0.04931
0.01 -1.137E+00 5.934E-02 7.721E-02 -9.529E-01 0.05686 2.967E-03 3.860E-03 0.04765
0.1 -1.312E+00 4.069E-02 5.792E-02 -1.149E+00 0.0656 2.034E-03 2.896E-03 0.05745
1 -9.760E-01 -8.985E-04 -1.548E-03 -9.821E-01 0.0488 9.999E+03 9.999E+03 0.04911
10 -1.029E+00 2.330E-07 4.903E-07 -1.029E+00 0.05147 9.999E+03 9.999E+03 0.05147
34    34          13          5
5
0.001 -1.057E+00 -2.284E-02 -2.971E-02 -9.863E-01 0.05284 0.001142 0.001486 0.04931
0.01 -1.137E+00 -5.934E-02 -7.721E-02 -9.529E-01 0.05686 0.002967 0.00386 0.04765
0.1 -1.312E+00 -4.069E-02 -5.792E-02 -1.149E+00 0.0656 0.002034 0.002896 0.05745
1 -9.760E-01 8.985E-04 1.548E-03 -9.821E-01 0.0488 9.999E+03 9.999E+03 0.04911
10 -1.029E+00 -2.330E-07 -4.903E-07 -1.029E+00 0.05147 9.999E+03 9.999E+03 0.05147
35    35          13          9
5
0.001 -1.027E+00 -3.484E-02 -3.968E-02 -9.942E-01 0.05135 0.001742 0.001984 0.04971
0.01 -1.061E+00 -9.152E-02 -1.044E-01 -9.740E-01 0.05303 0.004576 0.005218 0.0487
0.1 -1.211E+00 -6.521E-02 -7.788E-02 -1.135E+00 0.06056 0.00326 0.003894 0.05677
1 -9.814E-01 1.617E-03 2.112E-03 -9.843E-01 0.04907 9.999E+03 9.999E+03 0.04922
10 -1.029E+00 -1.025E-06 -1.459E-06 -1.029E+00 0.05147 9.999E+03 9.999E+03 0.05147
36    36          13          13
5
0.001 -1.003E+00 -3.852E-02 -3.852E-02 -1.003E+00 0.05013 0.001926 0.001926 0.05013
0.01 -9.966E-01 -1.023E-01 -1.023E-01 -9.966E-01 0.04983 0.005114 0.005114 0.04983
0.1 -1.117E+00 -7.178E-02 -7.178E-02 -1.117E+00 0.05585 0.003589 0.003589 0.05585
1 -9.870E-01 1.827E-03 1.827E-03 -9.870E-01 0.04935 9.999E+03 9.999E+03 0.04935
10 -1.029E+00 -9.928E-07 -9.928E-07 -1.029E+00 0.05147 9.999E+03 9.999E+03 0.05147
99 99 0.0 0.0
0
VTF   36
101     101           -13         -13
5
0.001 -8.237E-03 7.368E-03 -8.212E-03 7.373E-03 0.0004119 3.684E-04 0.0004106 3.687E-04
0.01 -2.936E-02 1.241E-02 -2.935E-02 1.241E-02 0.001468 6.204E-04 0.001468 6.203E-04
0.1 -1.667E-02 -2.748E-02 -1.667E-02 -2.748E-02 0.0008337 0.001374 0.0008337 0.001374
1 6.676E-04 1.910E-03 6.676E-04 1.910E-03 3.338E-05 9.548E-05 3.338E-05 9.548E-05
10 -2.652E-07 -1.403E-06 -2.652E-07 -1.403E-06 1.326e-08 7.014e-08 1.326e-08 7.014e-08
102     102           -13         -9
5
0.001 -1.049E-02 9.516E-03 -6.753E-03 6.137E-03 0.0005243 4.758E-04 0.0003377 3.068E-04
0.01 -3.790E-02 1.675E-02 -2.453E-02 1.055E-02 0.001895 8.376E-04 0.001227 5.277E-04
0.1 -2.526E-02 -3.506E-02 -1.480E-02 -2.267E-02 0.001263 0.001753 0.0007399 0.001133
1 1.678E-03 2.896E-03 7.359E-04 1.726E-03 8.392E-05 1.448E-04 3.680E-05 8.629E-05
10 -1.942E-06 -3.740E-06 -3.797E-07 -1.386E-06 9.711e-08 1.87e-07 1.899e-08 6.931e-08
103     103           -13         -5
5
0.001 -1.242E-02 1.137E-02 -4.144E-03 3.794E-03 0.000621 5.685E-04 0.0002072 1.897E-04
0.01 -4.527E-02 2.045E-02 -1.525E-02 6.514E-03 0.002264 1.022E-03 0.0007626 3.257E-04
0.1 -3.276E-02 -4.132E-02 -9.065E-03 -1.390E-02 0.001638 0.002066 0.0004532 0.000695
1 2.637E-03 3.790E-03 4.080E-04 1.103E-03 1.319E-04 1.895E-04 2.040E-05 5.514E-05
10 -3.002E-06 -5.708E-06 9.366E-08 -5.409E-07 1.501e-07 2.854e-07 4.683E-09 2.704e-08
104     104           -13         5
5
0.001 -1.242E-02 1.137E-02 4.232E-03 -3.833E-03 0.0006209 5.685E-04 2.116E-04 0.0001916
0.01 -4.527E-02 2.045E-02 1.526E-02 -6.516E-03 0.002264 1.022E-03 7.628E-04 0.0003258
0.1 -3.276E-02 -4.132E-02 9.065E-03 1.390E-02 0.001638 0.002066 4.532E-04 6.950E-04
1 2.637E-03 3.790E-03 -4.080E-04 -1.103E-03 1.319E-04 1.895E-04 2.04e-05 5.514e-05
10 -3.002E-06 -5.708E-06 -9.366E-08 5.409E-07 1.501e-07 2.854e-07 4.683e-09 2.704E-08
105     105           -13         9
5
0.001 -1.049E-02 9.517E-03 6.841E-03 -6.176E-03 0.0005243 4.758E-04 3.421E-04 0.0003088
0.01 -3.790E-02 1.675E-02 2.453E-02 -1.056E-02 0.001895 8.376E-04 1.227E-03 0.0005279
0.1 -2.526E-02 -3.506E-02 1.480E-02 2.267E-02 0.001263 0.001753 7.399E-04 1.133E-03
1 1.678E-03 2.896E-03 -7.359E-04 -1.726E-03 8.392E-05 1.448E-04 3.68e-05 8.629e-05
10 -1.942E-06 -3.740E-06 3.797E-07 1.386E-06 9.711e-08 1.87e-07 1.899E-08 6.931E-08
106     106           -13         13
5
0.001 -8.236E-03 7.368E-03 8.300E-03 -7.413E-03 0.0004118 3.684E-04 4.150E-04 0.0003706
0.01 -2.936E-02 1.241E-02 2.936E-02 -1.241E-02 0.001468 6.204E-04 1.468E-03 0.0006205
0.1 -1.667E-02 -2.748E-02 1.667E-02 2.748E-02 0.0008337 0.001374 8.337E-04 1.374E-03
1 6.676E-04 1.910E-03 -6.676E-04 -1.910E-03 3.338E-05 9.548E-05 3.338e-05 9.548e-05
10 -2.652E-07 -1.403E-06 2.652E-07 1.403E-06 1.326e-08 7.014e-08 1.326E-08 7.014E-08
107     107           -9          -13
5
0.001 -6.779E-03 6.132E-03 -1.046E-02 9.522E-03 0.0003389 3.066E-04 0.000523 4.761E-04
0.01 -2.453E-02 1.056E-02 -3.790E-02 1.675E-02 0.001227 5.278E-04 0.001895 8.375E-04
0.1 -1.480E-02 -2.267E-02 -2.526E-02 -3.506E-02 0.0007399 0.001133 0.001263 0.001753
1 7.359E-04 1.726E-03 1.678E-03 2.896E-03 3.680E-05 8.629E-05 8.392E-05 1.448E-04
10 -3.797E-07 -1.386E-06 -1.942E-06 -3.740E-06 1.899e-08 6.931e-08 9.711e-08 1.87e-07
108     108           -9          -9
5
0.001 -8.865E-03 8.116E-03 -8.839E-03 8.121E-03 0.0004432 4.058E-04 0.000442 4.061E-04
0.01 -3.246E-02 1.431E-02 -3.245E-02 1.430E-02 0.001623 7.153E-04 0.001623 7.152E-04
0.1 -2.226E-02 -2.907E-02 -2.226E-02 -2.907E-02 0.001113 0.001453 0.001113 0.001453
1 1.721E-03 2.594E-03 1.721E-03 2.594E-03 8.606E-05 1.297E-04 8.606E-05 1.297E-04
10 -2.306E-06 -3.608E-06 -2.306E-06 -3.608E-06 1.153e-07 1.804e-07 1.153e-07 1.804e-07
109     109           -9          -5
5
0.001 -1.072E-02 9.865E-03 -5.514E-03 5.081E-03 0.0005358 4.933E-04 0.0002757 2.540E-04
0.01 -3.943E-02 1.744E-02 -2.041E-02 8.719E-03 0.001971 8.720E-04 0.001021 4.360E-04
0.1 -2.872E-02 -3.432E-02 -1.334E-02 -1.775E-02 0.001436 0.001716 0.0006669 0.0008876
1 2.644E-03 3.380E-03 9.510E-04 1.644E-03 1.322E-04 1.690E-04 4.755E-05 8.220E-05
10 -3.574E-06 -5.474E-06 -1.688E-07 -1.301E-06 1.787e-07 2.737e-07 8.438e-09 6.504e-08
110    110          -9          5
5
0.001 -1.071E-02 9.866E-03 5.602E-03 -5.119E-03 0.0005357 4.933E-04 2.801E-04 0.000256
0.01 -3.943E-02 1.744E-02 2.041E-02 -8.722E-03 0.001971 8.720E-04 1.021E-03 0.0004361
0.1 -2.872E-02 -3.432E-02 1.334E-02 1.775E-02 0.001436 0.001716 6.669E-04 8.876E-04
1 2.644E-03 3.380E-03 -9.510E-04 -1.644E-03 1.322E-04 1.690E-04 4.755e-05 8.22e-05
10 -3.574E-06 -5.474E-06 1.688E-07 1.301E-06 1.787e-07 2.737e-07 8.438E-09 6.504E-08
111    111          -9          9
5
0.001 -8.864E-03 8.117E-03 8.927E-03 -8.160E-03 0.0004432 4.058E-04 4.464E-04 0.000408
0.01 -3.246E-02 1.431E-02 3.246E-02 -1.431E-02 0.001623 7.153E-04 1.623E-03 0.0007153
0.1 -2.226E-02 -2.907E-02 2.226E-02 2.907E-02 0.001113 0.001453 1.113E-03 1.453E-03
1 1.721E-03 2.594E-03 -1.721E-03 -2.594E-03 8.606E-05 1.297E-04 8.606e-05 0.0001297
10 -2.306E-06 -3.608E-06 2.306E-06 3.608E-06 1.153e-07 1.804e-07 1.153E-07 1.804E-07
112    112          -9          13
5
0.001 -6.778E-03 6.132E-03 1.055E-02 -9.561E-03 0.0003389 3.066E-04 5.274E-04 0.0004781
0.01 -2.453E-02 1.056E-02 3.790E-02 -1.675E-02 0.001227 5.278E-04 1.895E-03 0.0008376
0.1 -1.480E-02 -2.267E-02 2.526E-02 3.506E-02 0.0007399 0.001133 1.263E-03 1.753E-03
1 7.359E-04 1.726E-03 -1.678E-03 -2.896E-03 3.680E-05 8.629E-05 8.392e-05 0.0001448
10 -3.797E-07 -1.386E-06 1.942E-06 3.740E-06 1.899e-08 6.931e-08 9.711E-08 1.870E-07
113    113          -5          -13
5
0.001 -4.170E-03 3.790E-03 -1.239E-02 1.137E-02 0.0002085 1.895E-04 0.0006197 5.687E-04
0.01 -1.525E-02 6.515E-03 -4.527E-02 2.045E-02 0.0007627 3.258E-04 0.002264 1.022E-03
0.1 -9.065E-03 -1.390E-02 -3.276E-02 -4.132E-02 0.0004532 0.000695 0.001638 0.002066
1 4.080E-04 1.103E-03 2.637E-03 3.790E-03 2.040E-05 5.514E-05 1.319E-04 1.895E-04
10 9.366E-08 -5.409E-07 -3.002E-06 -5.708E-06 4.683E-09 2.704e-08 1.501e-07 2.854e-07
114    114          -5          -9
5
0.001 -5.540E-03 5.077E-03 -1.069E-02 9.870E-03 0.000277 2.538E-04 0.0005345 4.935E-04
0.01 -2.041E-02 8.721E-03 -3.943E-02 1.744E-02 0.001021 4.361E-04 0.001971 8.719E-04
0.1 -1.334E-02 -1.775E-02 -2.872E-02 -3.432E-02 0.0006669 0.0008876 0.001436 0.001716
1 9.510E-04 1.644E-03 2.644E-03 3.380E-03 4.755E-05 8.220E-05 1.322E-04 1.690E-04
10 -1.688E-07 -1.301E-06 -3.574E-06 -5.474E-06 8.438e-09 6.504e-08 1.787e-07 2.737e-07
115    115          -5          -5
5
0.001 -6.781E-03 6.224E-03 -6.756E-03 6.228E-03 0.0003391 3.112E-04 0.0003378 3.114E-04
0.01 -2.499E-02 1.050E-02 -2.498E-02 1.050E-02 0.001249 5.249E-04 0.001249 5.248E-04
0.1 -1.697E-02 -2.087E-02 -1.697E-02 -2.087E-02 0.0008485 0.001043 0.0008485 0.001043
1 1.454E-03 2.129E-03 1.454E-03 2.129E-03 7.270E-05 1.064E-04 7.270E-05 1.064E-04
10 -3.073E-07 -1.937E-06 -3.073E-07 -1.937E-06 1.536e-08 9.683e-08 1.536e-08 9.683e-08
116    116          -5          5
5
0.001 -6.781E-03 6.224E-03 6.844E-03 -6.266E-03 0.000339 3.112E-04 3.422E-04 0.0003133
0.01 -2.499E-02 1.050E-02 2.499E-02 -1.050E-02 0.001249 5.249E-04 1.249E-03 0.000525
0.1 -1.697E-02 -2.087E-02 1.697E-02 2.087E-02 0.0008485 0.001043 8.485E-04 1.043E-03
1 1.454E-03 2.129E-03 -1.454E-03 -2.129E-03 7.270E-05 1.064E-04 7.27e-05 0.0001064
10 -3.073E-07 -1.937E-06 3.073E-07 1.937E-06 1.536e-08 9.683e-08 1.536E-08 9.683E-08
117    117          -5          9
5
0.001 -5.539E-03 5.077E-03 1.078E-02 -9.909E-03 0.0002769 2.538E-04 5.389E-04 0.0004954
0.01 -2.041E-02 8.721E-03 3.943E-02 -1.744E-02 0.001021 4.361E-04 1.971E-03 0.000872
0.1 -1.334E-02 -1.775E-02 2.872E-02 3.432E-02 0.0006669 0.0008876 1.436E-03 1.716E-03
1 9.510E-04 1.644E-03 -2.644E-03 -3.380E-03 4.755E-05 8.220E-05 0.0001322 0.000169
10 -1.688E-07 -1.301E-06 3.574E-06 5.474E-06 8.438e-09 6.504e-08 1.787E-07 2.737E-07
118    118          -5          13
5
0.001 -4.169E-03 3.790E-03 1.248E-02 -1.141E-02 0.0002085 1.895E-04 6.241E-04 0.0005707
0.01 -1.525E-02 6.515E-03 4.528E-02 -2.045E-02 0.0007627 3.258E-04 2.264E-03 0.001022
0.1 -9.065E-03 -1.390E-02 3.276E-02 4.132E-02 0.0004532 0.000695 1.638E-03 2.066E-03
1 4.080E-04 1.103E-03 -2.637E-03 -3.790E-03 2.040E-05 5.514E-05 0.0001319 0.0001895
10 9.366E-08 -5.409E-07 3.002E-06 5.708E-06 4.683E-09 2.704e-08 1.501E-07 2.854E-07
119    119          5           -13
5
0.001 4.206E-03 -3.836E-03 -1.239E-02 1.138E-02 2.103E-04 0.0001918 0.0006197 5.688E-04
0.01 1.525E-02 -6.514E-03 -4.527E-02 2.045E-02 7.627E-04 0.0003257 0.002264 1.022E-03
0.1 9.065E-03 1.390E-02 -3.276E-02 -4.132E-02 4.532E-04 6.950E-04 0.001638 0.002066
1 -4.080E-04 -1.103E-03 2.637E-03 3.790E-03 2.04e-05 5.514e-05 1.319E-04 1.895E-04
10 -9.366E-08 5.409E-07 -3.002E-06 -5.708E-06 4.683e-09 2.704E-08 1.501e-07 2.854e-07
120    120          5           -9
5
0.001 5.575E-03 -5.122E-03 -1.069E-02 9.871E-03 2.788E-04 0.0002561 0.0005345 4.935E-04
0.01 2.041E-02 -8.720E-03 -3.943E-02 1.744E-02 1.021E-03 0.000436 0.001971 8.719E-04
0.1 1.334E-02 1.775E-02 -2.872E-02 -3.432E-02 6.669E-04 8.876E-04 0.001436 0.001716
1 -9.510E-04 -1.644E-03 2.644E-03 3.380E-03 4.755e-05 8.22e-05 1.322E-04 1.690E-04
10 1.688E-07 1.301E-06 -3.574E-06 -5.474E-06 8.438E-09 6.504E-08 1.787e-07 2.737e-07
121    121          5           -5
5
0.001 6.817E-03 -6.269E-03 -6.755E-03 6.229E-03 3.409E-04 0.0003135 0.0003378 3.114E-04
0.01 2.499E-02 -1.050E-02 -2.498E-02 1.050E-02 1.249E-03 0.0005249 0.001249 5.248E-04
0.1 1.697E-02 2.087E-02 -1.697E-02 -2.087E-02 8.485E-04 1.043E-03 0.0008485 0.001043
1 -1.454E-03 -2.129E-03 1.454E-03 2.129E-03 7.27e-05 0.0001064 7.270E-05 1.064E-04
10 3.073E-07 1.937E-06 -3.073E-07 -1.937E-06 1.536E-08 9.683E-08 1.536e-08 9.683e-08
122    122          5           5
5
0.001 6.818E-03 -6.270E-03 6.844E-03 -6.266E-03 3.409E-04 0.0003135 3.422E-04 0.0003133
0.01 2.499E-02 -1.050E-02 2.499E-02 -1.050E-02 1.249E-03 0.0005249 1.249E-03 0.000525
0.1 1.697E-02 2.087E-02 1.697E-02 2.087E-02 8.485E-04 1.043E-03 8.485E-04 1.043E-03
1 -1.454E-03 -2.129E-03 -1.454E-03 -2.129E-03 7.27e-05 0.0001064 7.27e-05 0.0001064
10 3.073E-07 1.937E-06 3.073E-07 1.937E-06 1.536E-08 9.683E-08 1.536E-08 9.683E-08
123    123          5           9
5
0.001 5.577E-03 -5.123E-03 1.078E-02 -9.909E-03 2.788E-04 0.0002561 5.389E-04 0.0004954
0.01 2.041E-02 -8.720E-03 3.943E-02 -1.744E-02 1.021E-03 0.000436 1.971E-03 0.000872
0.1 1.334E-02 1.775E-02 2.872E-02 3.432E-02 6.669E-04 8.876E-04 1.436E-03 1.716E-03
1 -9.510E-04 -1.644E-03 -2.644E-03 -3.380E-03 4.755e-05 8.22e-05 0.0001322 0.000169
10 1.688E-07 1.301E-06 3.574E-06 5.474E-06 8.438E-09 6.504E-08 1.787E-07 2.737E-07
124   124          5           13
5
0.001 4.207E-03 -3.836E-03 1.248E-02 -1.141E-02 2.104E-04 0.0001918 6.241E-04 0.0005707
0.01 1.525E-02 -6.514E-03 4.528E-02 -2.045E-02 7.627E-04 0.0003257 2.264E-03 0.001022
0.1 9.065E-03 1.390E-02 3.276E-02 4.132E-02 4.532E-04 6.950E-04 1.638E-03 2.066E-03
1 -4.080E-04 -1.103E-03 -2.637E-03 -3.790E-03 2.04e-05 5.514e-05 0.0001319 0.0001895
10 -9.366E-08 5.409E-07 3.002E-06 5.708E-06 4.683e-09 2.704E-08 1.501E-07 2.854E-07
125    125          9           -13
5
0.001 6.814E-03 -6.178E-03 -1.046E-02 9.522E-03 3.407E-04 0.0003089 0.000523 4.761E-04
0.01 2.453E-02 -1.056E-02 -3.790E-02 1.675E-02 1.227E-03 0.0005278 0.001895 8.375E-04
0.1 1.480E-02 2.267E-02 -2.526E-02 -3.506E-02 7.399E-04 1.133E-03 0.001263 0.001753
1 -7.359E-04 -1.726E-03 1.678E-03 2.896E-03 3.68e-05 8.629e-05 8.392E-05 1.448E-04
10 3.797E-07 1.386E-06 -1.942E-06 -3.740E-06 1.899E-08 6.931E-08 9.711e-08 1.87e-07
126    126          9           -9
5
0.001 8.901E-03 -8.162E-03 -8.839E-03 8.122E-03 4.450E-04 0.0004081 0.0004419 4.061E-04
0.01 3.246E-02 -1.430E-02 -3.245E-02 1.430E-02 1.623E-03 0.0007152 0.001623 7.152E-04
0.1 2.226E-02 2.907E-02 -2.226E-02 -2.907E-02 1.113E-03 1.453E-03 0.001113 0.001453
1 -1.721E-03 -2.594E-03 1.721E-03 2.594E-03 8.606e-05 0.0001297 8.606E-05 1.297E-04
10 2.306E-06 3.608E-06 -2.306E-06 -3.608E-06 1.153E-07 1.804E-07 1.153e-07 1.804e-07
127    127          9           -5
5
0.001 1.075E-02 -9.911E-03 -5.514E-03 5.081E-03 5.376E-04 0.0004956 0.0002757 2.541E-04
0.01 3.943E-02 -1.744E-02 -2.041E-02 8.719E-03 1.971E-03 0.0008719 0.001021 4.360E-04
0.1 2.872E-02 3.432E-02 -1.334E-02 -1.775E-02 1.436E-03 1.716E-03 0.0006669 0.0008876
1 -2.644E-03 -3.380E-03 9.510E-04 1.644E-03 0.0001322 0.000169 4.755E-05 8.220E-05
10 3.574E-06 5.474E-06 -1.688E-07 -1.301E-06 1.787E-07 2.737E-07 8.438e-09 6.504e-08
128    128          9           5
5
0.001 1.075E-02 -9.912E-03 5.602E-03 -5.119E-03 5.376E-04 0.0004956 2.801E-04 0.000256
0.01 3.943E-02 -1.744E-02 2.041E-02 -8.722E-03 1.971E-03 0.0008719 1.021E-03 0.0004361
0.1 2.872E-02 3.432E-02 1.334E-02 1.775E-02 1.436E-03 1.716E-03 6.669E-04 8.876E-04
1 -2.644E-03 -3.380E-03 -9.510E-04 -1.644E-03 0.0001322 0.000169 4.755e-05 8.22e-05
10 3.574E-06 5.474E-06 1.688E-07 1.301E-06 1.787E-07 2.737E-07 8.438E-09 6.504E-08
129    129          9           9
5
0.001 8.902E-03 -8.163E-03 8.927E-03 -8.160E-03 4.451E-04 0.0004081 4.464E-04 0.000408
0.01 3.246E-02 -1.430E-02 3.246E-02 -1.431E-02 1.623E-03 0.0007152 1.623E-03 0.0007153
0.1 2.226E-02 2.907E-02 2.226E-02 2.907E-02 1.113E-03 1.453E-03 1.113E-03 1.453E-03
1 -1.721E-03 -2.594E-03 -1.721E-03 -2.594E-03 8.606e-05 0.0001297 8.606e-05 0.0001297
10 2.306E-06 3.608E-06 2.306E-06 3.608E-06 1.153E-07 1.804E-07 1.153E-07 1.804E-07
130    130          9           13
5
0.001 6.816E-03 -6.179E-03 1.055E-02 -9.561E-03 3.408E-04 0.0003089 5.274E-04 0.0004781
0.01 2.453E-02 -1.056E-02 3.790E-02 -1.675E-02 1.227E-03 0.0005278 1.895E-03 0.0008376
0.1 1.480E-02 2.267E-02 2.526E-02 3.506E-02 7.399E-04 1.133E-03 1.263E-03 1.753E-03
1 -7.359E-04 -1.726E-03 -1.678E-03 -2.896E-03 3.68e-05 8.629e-05 8.392e-05 0.0001448
10 3.797E-07 1.386E-06 1.942E-06 3.740E-06 1.899E-08 6.931E-08 9.711E-08 1.870E-07
131    131          13          -13
5
0.001 8.273E-03 -7.414E-03 -8.211E-03 7.374E-03 4.136E-04 0.0003707 0.0004106 3.687E-04
0.01 2.936E-02 -1.241E-02 -2.935E-02 1.241E-02 1.468E-03 0.0006204 0.001468 6.203E-04
0.1 1.667E-02 2.748E-02 -1.667E-02 -2.748E-02 8.337E-04 1.374E-03 0.0008337 0.001374
1 -6.676E-04 -1.910E-03 6.676E-04 1.910E-03 3.338e-05 9.548e-05 3.338E-05 9.548E-05
10 2.652E-07 1.403E-06 -2.652E-07 -1.403E-06 1.326E-08 7.014E-08 1.326e-08 7.014e-08
132    132          13          -9
5
0.001 1.052E-02 -9.563E-03 -6.753E-03 6.137E-03 5.261E-04 0.0004781 0.0003376 3.069E-04
0.01 3.790E-02 -1.675E-02 -2.453E-02 1.055E-02 1.895E-03 0.0008375 0.001227 5.277E-04
0.1 2.526E-02 3.506E-02 -1.480E-02 -2.267E-02 1.263E-03 1.753E-03 0.0007399 0.001133
1 -1.678E-03 -2.896E-03 7.359E-04 1.726E-03 8.392e-05 0.0001448 3.680E-05 8.629E-05
10 1.942E-06 3.740E-06 -3.797E-07 -1.386E-06 9.711E-08 1.870E-07 1.899e-08 6.931e-08
133    133          13          -5
5
0.001 1.246E-02 -1.142E-02 -4.144E-03 3.795E-03 6.228E-04 0.0005708 0.0002072 1.897E-04
0.01 4.527E-02 -2.045E-02 -1.525E-02 6.513E-03 2.264E-03 0.001022 0.0007626 3.257E-04
0.1 3.276E-02 4.132E-02 -9.065E-03 -1.390E-02 1.638E-03 2.066E-03 0.0004532 0.000695
1 -2.637E-03 -3.790E-03 4.080E-04 1.103E-03 0.0001319 0.0001895 2.040E-05 5.514E-05
10 3.002E-06 5.708E-06 9.366E-08 -5.409E-07 1.501E-07 2.854E-07 4.683E-09 2.704e-08
134    134          13          5
5
0.001 1.246E-02 -1.142E-02 4.233E-03 -3.833E-03 6.228E-04 0.0005708 2.116E-04 0.0001916
0.01 4.527E-02 -2.045E-02 1.526E-02 -6.516E-03 2.264E-03 0.001022 7.628E-04 0.0003258
0.1 3.276E-02 4.132E-02 9.065E-03 1.390E-02 1.638E-03 2.066E-03 4.532E-04 6.950E-04
1 -2.637E-03 -3.790E-03 -4.080E-04 -1.103E-03 0.0001319 0.0001895 2.04e-05 5.514e-05
10 3.002E-06 5.708E-06 -9.366E-08 5.409E-07 1.501E-07 2.854E-07 4.683e-09 2.704E-08
135    135          13          9
5
0.001 1.052E-02 -9.563E-03 6.841E-03 -6.176E-03 5.261E-04 0.0004782 3.421E-04 0.0003088
0.01 3.790E-02 -1.675E-02 2.453E-02 -1.056E-02 1.895E-03 0.0008375 1.227E-03 0.0005279
0.1 2.526E-02 3.506E-02 1.480E-02 2.267E-02 1.263E-03 1.753E-03 7.399E-04 1.133E-03
1 -1.678E-03 -2.896E-03 -7.359E-04 -1.726E-03 8.392e-05 0.0001448 3.68e-05 8.629e-05
10 1.942E-06 3.740E-06 3.797E-07 1.386E-06 9.711E-08 1.870E-07 1.899E-08 6.931E-08
136    136          13          13
5
0.001 8.274E-03 -7.415E-03 8.300E-03 -7.413E-03 4.137E-04 0.0003708 4.150E-04 0.0003706
0.01 2.936E-02 -1.241E-02 2.936E-02 -1.241E-02 1.468E-03 0.0006204 1.468E-03 0.0006205
0.1 1.667E-02 2.748E-02 1.667E-02 2.748E-02 8.337E-04 1.374E-03 8.337E-04 1.374E-03
1 -6.676E-04 -1.910E-03 -6.676E-04 -1.910E-03 3.338e-05 9.548e-05 3.338e-05 9.548e-05
10 2.652E-07 1.403E-06 2.652E-07 1.403E-06 1.326E-08 7.014E-08 1.326E-08 7.014E-08
NMT2  7
201     99           0.0          0.0          0.0          15.0         0.0          0.0          10.0         0.0
5
0.001 1.145E-09 1.333E-10 3.922E-04 -4.192E-04 -4.607E-04 4.742E-04 2.873E-10 -2.061E-09 9.999E+03 9.999E+03 1.961E-05 2.096e-05 2.304e-05 2.371E-05 9.999E+03 9.999E+03
0.01 -4.335E-10 -3.450E-10 1.261E-03 -1.463E-03 -1.457E-03 1.553E-03 7.672E-10 4.597E-10 9.999E+03 9.999E+03 6.305E-05 7.314e-05 7.284e-05 7.765E-05 9.999E+03 9.999E+03
0.1 1.525E-11 -2.277E-11 4.227E-03 -6.496E-03 -4.557E-03 6.426E-03 -1.158E-12 -6.619E-12 9.999E+03 9.999E+03 2.113E-04 0.0003248 0.0002278 3.213E-04 9.999E+03 9.999E+03
1 4.216E-14 -1.736E-13 2.063E-02 -1.986E-02 -2.049E-02 1.982E-02 -1.890E-13 8.562E-13 9.999E+03 9.999E+03 1.032E-03 0.000993 0.001025 9.912E-04 9.999E+03 9.999E+03
10 3.562E-14 -5.474E-14 6.236E-02 -6.421E-02 -6.237E-02 6.421E-02 -4.795E-14 7.204E-14 9.999E+03 9.999E+03 3.118E-03 0.00321 0.003118 3.210E-03 9.999E+03 9.999E+03
202     99           0.0          0.0          0.0          15.0         0.0          0.0          -8.0         0.0
5
0.001 1.685E-09 -4.779E-10 3.668E-04 -3.989E-04 -4.607E-04 4.742E-04 2.873E-10 -2.061E-09 9.999E+03 9.999E+03 1.834E-05 1.994e-05 2.304e-05 2.371E-05 9.999E+03 9.999E+03
0.01 1.835E-10 1.948E-10 1.188E-03 -1.430E-03 -1.457E-03 1.553E-03 7.672E-10 4.597E-10 9.999E+03 9.999E+03 5.942E-05 7.149e-05 7.284e-05 7.765E-05 9.999E+03 9.999E+03
0.1 -1.071E-11 1.181E-11 4.106E-03 -6.524E-03 -4.557E-03 6.426E-03 -1.158E-12 -6.619E-12 9.999E+03 9.999E+03 2.053E-04 0.0003262 0.0002278 3.213E-04 9.999E+03 9.999E+03
1 -2.202E-14 8.728E-14 2.068E-02 -1.987E-02 -2.049E-02 1.982E-02 -1.890E-13 8.562E-13 9.999E+03 9.999E+03 1.034E-03 0.0009936 0.001025 9.912E-04 9.999E+03 9.999E+03
10 -1.712E-14 2.774E-14 6.236E-02 -6.421E-02 -6.237E-02 6.421E-02 -4.795E-14 7.204E-14 9.999E+03 9.999E+03 3.118E-03 0.00321 0.003118 3.210E-03 9.999E+03 9.999E+03
203     99           0.0          0.0          -8.0         0.0          0.0          0.0          -15.0        -15.0
5
0.001 1.685E-09 -4.779E-10 3.668E-04 -3.989E-04 -5.183E-04 5.206E-04 1.515E-04 -1.216E-04 9.999E+03 9.999E+03 1.834E-05 1.994e-05 2.591e-05 2.603E-05 7.577E-06 6.081e-06
0.01 1.835E-10 1.948E-10 1.188E-03 -1.430E-03 -1.620E-03 1.632E-03 4.331E-04 -1.983E-04 9.999E+03 9.999E+03 5.942E-05 7.149e-05 8.1e-05 8.158E-05 2.166E-05 9.915e-06
0.1 -1.071E-11 1.181E-11 4.106E-03 -6.524E-03 -4.862E-03 6.379E-03 7.243E-04 1.688E-04 9.999E+03 9.999E+03 2.053E-04 0.0003262 0.0002431 3.190E-04 3.621E-05 8.442E-06
1 -2.202E-14 8.728E-14 2.068E-02 -1.987E-02 -2.036E-02 1.980E-02 -2.883E-04 5.797E-05 9.999E+03 9.999E+03 1.034E-03 0.0009936 0.001018 9.898E-04 1.441e-05 2.899E-06
10 -1.712E-14 2.774E-14 6.236E-02 -6.421E-02 -6.237E-02 6.421E-02 2.199E-06 -4.954E-07 9.999E+03 9.999E+03 3.118E-03 0.00321 0.003118 3.210E-03 1.100E-07 2.477e-08
204     99           0.0          0.0          10.0         0.0          0.0          0.0          -15.0        -15.0
5
0.001 1.145E-09 1.333E-10 3.922E-04 -4.192E-04 -5.183E-04 5.206E-04 1.261E-04 -1.012E-04 9.999E+03 9.999E+03 1.961E-05 2.096e-05 2.591e-05 2.603E-05 6.306E-06 5.062e-06
0.01 -4.335E-10 -3.450E-10 1.261E-03 -1.463E-03 -1.620E-03 1.632E-03 3.605E-04 -1.652E-04 9.999E+03 9.999E+03 6.305E-05 7.314e-05 8.1e-05 8.158E-05 1.803E-05 8.259e-06
0.1 1.525E-11 -2.277E-11 4.227E-03 -6.496E-03 -4.862E-03 6.379E-03 6.037E-04 1.415E-04 9.999E+03 9.999E+03 2.113E-04 0.0003248 0.0002431 3.190E-04 3.019E-05 7.073E-06
1 4.216E-14 -1.736E-13 2.063E-02 -1.986E-02 -2.036E-02 1.980E-02 -2.384E-04 4.614E-05 9.999E+03 9.999E+03 1.032E-03 0.000993 0.001018 9.898E-04 1.192e-05 2.307E-06
10 3.562E-14 -5.474E-14 6.236E-02 -6.421E-02 -6.237E-02 6.421E-02 1.814E-06 -4.074E-07 9.999E+03 9.999E+03 3.118E-03 0.00321 0.003118 3.210E-03 9.072E-08 2.037e-08
205     99           20.0         20.0         10.0         20.0         20.0         20.0         20.0         10.0
5
0.001 -6.685E-05 5.287E-05 6.029E-04 -5.896E-04 -6.029E-04 5.896E-04 6.686E-05 -5.287E-05 3.343e-06 2.643E-06 3.014E-05 2.948e-05 3.014e-05 2.948E-05 3.343E-06 2.643e-06
0.01 -1.941E-04 7.403E-05 1.852E-03 -1.769E-03 -1.852E-03 1.769E-03 1.941E-04 -7.402E-05 9.706e-06 3.701E-06 9.260E-05 8.847e-05 9.26e-05 8.847E-05 9.707E-06 3.701e-06
0.1 -2.103E-04 -1.574E-04 5.516E-03 -6.449E-03 -5.516E-03 6.449E-03 2.103E-04 1.574E-04 1.051e-05 7.872e-06 2.758E-04 0.0003225 0.0002758 3.225E-04 1.051E-05 7.872E-06
1 2.657E-05 2.380E-05 2.002E-02 -1.969E-02 -2.002E-02 1.969E-02 -2.657E-05 -2.380E-05 1.328E-06 1.190E-06 1.001E-03 0.0009845 0.001001 9.845E-04 1.328e-06 1.19e-06
10 -4.120E-08 -3.110E-08 6.237E-02 -6.421E-02 -6.237E-02 6.421E-02 4.120E-08 3.110E-08 2.06e-09 1.555e-09 3.118E-03 0.00321 0.003118 3.210E-03 2.060E-09 1.555E-09
206     99           15.0         -15.0        20.0         0.0          15.0         -15.0        5.0          -5.0
5
0.001 6.251E-05 -4.899E-05 5.773E-04 -5.684E-04 -5.384E-04 5.377E-04 -2.350E-05 1.847E-05 3.126E-06 2.449e-06 2.886E-05 2.842e-05 2.692e-05 2.689E-05 1.175e-06 9.235E-07
0.01 1.867E-04 -5.724E-05 1.786E-03 -1.718E-03 -1.671E-03 1.679E-03 -6.967E-05 2.276E-05 9.335E-06 2.862e-06 8.929E-05 8.588e-05 8.353e-05 8.395E-05 3.483e-06 1.138E-06
0.1 8.653E-05 2.355E-04 5.221E-03 -6.375E-03 -5.141E-03 6.502E-03 -4.327E-05 -8.052E-05 4.327E-06 1.177E-05 2.610E-04 0.0003187 0.000257 3.251E-04 2.163e-06 4.026e-06
1 7.657E-05 -9.286E-05 2.018E-02 -1.973E-02 -2.015E-02 1.969E-02 -1.910E-05 2.734E-05 3.829E-06 4.643e-06 1.009E-03 0.0009867 0.001008 9.843E-04 9.552e-07 1.367E-06
10 -1.351E-06 7.444E-07 6.237E-02 -6.421E-02 -6.237E-02 6.421E-02 3.657E-07 -2.004E-07 6.754e-08 3.722E-08 3.118E-03 0.00321 0.003118 3.210E-03 1.829E-08 1.002e-08
207     99           -20.0        20.0         -10.0        20.0         -20.0        20.0         -20.0        10.0
5
0.001 6.685E-05 -5.287E-05 6.029E-04 -5.896E-04 -6.029E-04 5.896E-04 -6.685E-05 5.286E-05 3.343E-06 2.644e-06 3.014E-05 2.948e-05 3.014e-05 2.948E-05 3.343e-06 2.643E-06
0.01 1.941E-04 -7.403E-05 1.852E-03 -1.769E-03 -1.852E-03 1.769E-03 -1.941E-04 7.403E-05 9.706E-06 3.701e-06 9.260E-05 8.847e-05 9.26e-05 8.847E-05 9.706e-06 3.701E-06
0.1 2.103E-04 1.574E-04 5.516E-03 -6.449E-03 -5.516E-03 6.449E-03 -2.103E-04 -1.574E-04 1.051E-05 7.872E-06 2.758E-04 0.0003225 0.0002758 3.225E-04 1.051e-05 7.872e-06
1 -2.657E-05 -2.380E-05 2.002E-02 -1.969E-02 -2.002E-02 1.969E-02 2.657E-05 2.380E-05 1.328e-06 1.19e-06 1.001E-03 0.0009845 0.001001 9.845E-04 1.328E-06 1.190E-06
10 4.120E-08 3.110E-08 6.237E-02 -6.421E-02 -6.237E-02 6.421E-02 -4.120E-08 -3.110E-08 2.060E-09 1.555E-09 3.118E-03 0.00321 0.003118 3.210E-03 2.06e-09 1.555e-09
END
