   MT   64
    1    1     -17.000000     -17.000000
    3
   1.000000e-03   6.729215e-05  -1.521354e-05   6.357883e-04  -6.500038e-04  -6.406781e-04   6.568923e-04   6.059235e-05  -3.816930e-05   2.706212e-05   2.706212e-05   2.706212e-05   2.706212e-05   2.691431e-05   2.691431e-05   2.691431e-05   2.691431e-05
   1.000000e-02  -3.655955e-05  -9.048558e-05   1.938325e-03  -1.906812e-03  -2.094189e-03   2.245410e-03   5.539747e-05   1.620443e-04   8.539146e-05   8.539146e-05   8.539146e-05   8.539146e-05   8.697674e-05   8.697674e-05   8.697674e-05   8.697674e-05
   1.000000e-01  -8.089644e-05   2.731196e-04   6.569144e-03  -6.852682e-03  -6.747883e-03   6.707652e-03   1.602096e-04   7.947681e-04   2.789330e-04   2.789330e-04   2.789330e-04   2.789330e-04   2.899888e-04   2.899888e-04   2.899888e-04   2.899888e-04
    2    2     -17.000000     -13.000000
    3
   1.000000e-03   5.983696e-05  -4.601310e-05   6.218034e-04  -6.683369e-04  -6.758833e-04   6.067941e-04   5.877030e-05  -6.370304e-05   2.761733e-05   2.761733e-05   2.761733e-05   2.761733e-05   2.714431e-05   2.714431e-05   2.714431e-05   2.714431e-05
   1.000000e-02   9.696653e-05  -1.503754e-04   1.978073e-03  -2.157392e-03  -1.921487e-03   1.987274e-03   1.064821e-04   2.083435e-06   8.689700e-05   8.689700e-05   8.689700e-05   8.689700e-05   8.729995e-05   8.729995e-05   8.729995e-05   8.729995e-05
   1.000000e-01   1.181348e-04  -1.296574e-04   6.351284e-03  -7.437520e-03  -6.458055e-03   7.248130e-03  -9.879797e-06   6.759379e-04   2.823959e-04   2.823959e-04   2.823959e-04   2.823959e-04   2.864593e-04   2.864593e-04   2.864593e-04   2.864593e-04
    3    3     -17.000000      -9.000000
    3
   1.000000e-03   5.798434e-05   4.372170e-05   6.201900e-04  -6.305403e-04  -6.775327e-04   6.405939e-04   2.991971e-05  -1.081825e-04   2.773851e-05   2.773851e-05   2.773851e-05   2.773851e-05   2.743817e-05   2.743817e-05   2.743817e-05   2.743817e-05
   1.000000e-02   7.724794e-05   7.420917e-06   2.004696e-03  -2.043418e-03  -2.099066e-03   2.208986e-03   1.920231e-04   2.522189e-05   8.671017e-05   8.671017e-05   8.671017e-05   8.671017e-05   8.820122e-05   8.820122e-05   8.820122e-05   8.820122e-05
   1.000000e-01   1.474831e-04  -5.797923e-05   6.279063e-03  -7.383600e-03  -6.497026e-03   6.914094e-03  -4.428251e-04  -1.356361e-04   2.767147e-04   2.767147e-04   2.767147e-04   2.767147e-04   2.893411e-04   2.893411e-04   2.893411e-04   2.893411e-04
    4    4     -17.000000      -5.000000
    3
   1.000000e-03  -2.198576e-05  -1.655598e-05   6.208675e-04  -6.530118e-04  -6.095824e-04   6.299943e-04   7.297582e-06  -4.034695e-05   2.814672e-05   2.814672e-05   2.814672e-05   2.814672e-05   2.762769e-05   2.762769e-05   2.762769e-05   2.762769e-05
   1.000000e-02  -7.479793e-06  -4.474855e-05   2.161659e-03  -2.075361e-03  -2.009550e-03   2.298576e-03   1.497798e-04   2.122981e-05   8.759730e-05   8.759730e-05   8.759730e-05   8.759730e-05   8.868496e-05   8.868496e-05   8.868496e-05   8.868496e-05
   1.000000e-01  -3.119916e-04   1.354667e-04   5.892109e-03  -6.696579e-03  -6.691294e-03   6.848048e-03  -2.729265e-05   2.682828e-04   2.776990e-04   2.776990e-04   2.776990e-04   2.776990e-04   2.900719e-04   2.900719e-04   2.900719e-04   2.900719e-04
    5    5     -17.000000       5.000000
    3
   1.000000e-03  -3.664131e-05  -3.208686e-05   6.950345e-04  -6.343301e-04  -6.252535e-04   7.085852e-04  -3.110103e-05   2.228775e-05   2.830109e-05   2.830109e-05   2.830109e-05   2.830109e-05   2.774570e-05   2.774570e-05   2.774570e-05   2.774570e-05
   1.000000e-02   1.033119e-04   5.428304e-05   2.022680e-03  -2.020595e-03  -2.038251e-03   2.147904e-03  -7.030707e-05  -5.614071e-05   8.814607e-05   8.814607e-05   8.814607e-05   8.814607e-05   8.869997e-05   8.869997e-05   8.869997e-05   8.869997e-05
   1.000000e-01   2.202579e-04   5.041120e-04   6.134829e-03  -6.705672e-03  -6.230308e-03   7.013508e-03  -2.534632e-04   8.648533e-05   2.805784e-04   2.805784e-04   2.805784e-04   2.805784e-04   2.862937e-04   2.862937e-04   2.862937e-04   2.862937e-04
    6    6     -17.000000       9.000000
    3
   1.000000e-03  -5.729411e-05  -2.414622e-05   6.430072e-04  -6.765386e-04  -6.295856e-04   7.012006e-04   2.503157e-05   1.891020e-05   2.768328e-05   2.768328e-05   2.768328e-05   2.768328e-05   2.748486e-05   2.748486e-05   2.748486e-05   2.748486e-05
   1.000000e-02  -1.837464e-05   1.459344e-04   2.104478e-03  -2.034283e-03  -1.910172e-03   1.982477e-03  -1.713666e-04  -4.494418e-05   8.707323e-05   8.707323e-05   8.707323e-05   8.707323e-05   8.853420e-05   8.853420e-05   8.853420e-05   8.853420e-05
   1.000000e-01  -2.288545e-04  -5.941405e-04   6.283252e-03  -6.993464e-03  -6.577402e-03   7.257726e-03  -9.876238e-05   6.796335e-04   2.839221e-04   2.839221e-04   2.839221e-04   2.839221e-04   2.919508e-04   2.919508e-04   2.919508e-04   2.919508e-04
    7    7     -17.000000      13.000000
    3
   1.000000e-03  -1.095248e-05   1.562897e-05   6.451915e-04  -6.731529e-04  -6.575820e-04   6.543423e-04  -5.093860e-05   2.242576e-05   2.751972e-05   2.751972e-05   2.751972e-05   2.751972e-05   2.732000e-05   2.732000e-05   2.732000e-05   2.732000e-05
   1.000000e-02  -1.493726e-04   9.903501e-06   1.975302e-03  -2.016013e-03  -2.042333e-03   2.178337e-03  -1.374920e-04   1.394991e-04   8.750512e-05   8.750512e-05   8.750512e-05   8.750512e-05   8.856651e-05   8.856651e-05   8.856651e-05   8.856651e-05
   1.000000e-01  -1.852643e-04  -4.386003e-04   6.295269e-03  -6.987910e-03  -6.470328e-03   7.846563e-03  -3.749604e-04  -8.032691e-04   2.931025e-04   2.931025e-04   2.931025e-04   2.931025e-04   2.978922e-04   2.978922e-04   2.978922e-04   2.978922e-04
    8    8     -17.000000      17.000000
    3
   1.000000e-03  -3.629076e-05   5.163658e-05   6.559087e-04  -6.391469e-04  -6.044894e-04   6.483599e-04  -6.088937e-05   5.264453e-05   2.707597e-05   2.707597e-05   2.707597e-05   2.707597e-05   2.696566e-05   2.696566e-05   2.696566e-05   2.696566e-05
   1.000000e-02  -3.396073e-05  -6.235011e-05   2.054214e-03  -1.955635e-03  -2.083046e-03   2.002404e-03  -1.138452e-04   8.311117e-06   8.657957e-05   8.657957e-05   8.657957e-05   8.657957e-05   8.720460e-05   8.720460e-05   8.720460e-05   8.720460e-05
   1.000000e-01   3.913556e-04   4.454857e-06   6.213774e-03  -7.432991e-03  -6.037668e-03   7.142186e-03  -1.326346e-04  -7.178369e-04   2.945023e-04   2.945023e-04   2.945023e-04   2.945023e-04   2.900718e-04   2.900718e-04   2.900718e-04   2.900718e-04
    9    9     -13.000000     -17.000000
    3
   1.000000e-03   2.425211e-05   6.239452e-06   6.018504e-04  -6.404807e-04  -5.948391e-04   6.364908e-04   5.099003e-05  -8.242567e-05   2.628794e-05   2.628794e-05   2.628794e-05   2.628794e-05   2.682834e-05   2.682834e-05   2.682834e-05   2.682834e-05
   1.000000e-02   1.509083e-05  -3.550698e-05   1.999792e-03  -2.029780e-03  -1.938537e-03   2.138866e-03   2.722620e-04  -1.147699e-04   8.448867e-05   8.448867e-05   8.448867e-05   8.448867e-05   8.650773e-05   8.650773e-05   8.650773e-05   8.650773e-05
   1.000000e-01  -1.190691e-04   7.982985e-05   6.416626e-03  -7.114385e-03  -6.784234e-03   6.619962e-03   2.543272e-05   2.248167e-04   2.894416e-04   2.894416e-04   2.894416e-04   2.894416e-04   2.861230e-04   2.861230e-04   2.861230e-04   2.861230e-04
   10   10     -13.000000     -13.000000
    3
   1.000000e-03   4.043851e-05   1.816493e-05   6.688016e-04  -6.430782e-04  -6.402098e-04   6.580979e-04   9.541673e-05  -8.867458e-05   2.644921e-05   2.644921e-05   2.644921e-05   2.644921e-05   2.718187e-05   2.718187e-05   2.718187e-05   2.718187e-05
   1.000000e-02   4.126370e-05  -1.169652e-04   1.902530e-03  -1.957200e-03  -2.000538e-03   2.264050e-03   2.513762e-04  -5.524760e-05   8.340775e-05   8.340775e-05   8.340775e-05   8.340775e-05   8.744634e-05   8.744634e-05   8.744634e-05   8.744634e-05
   1.000000e-01   2.188786e-04   5.592164e-05   5.834145e-03  -6.749693e-03  -6.808190e-03   6.943258e-03   3.046713e-04  -7.411218e-06   2.726138e-04   2.726138e-04   2.726138e-04   2.726138e-04   2.869069e-04   2.869069e-04   2.869069e-04   2.869069e-04
   11   11     -13.000000      -9.000000
    3
   1.000000e-03  -2.160936e-05  -3.758186e-05   6.123516e-04  -6.310522e-04  -6.468071e-04   6.570943e-04   1.933865e-05  -3.310838e-05   2.691319e-05   2.691319e-05   2.691319e-05   2.691319e-05   2.765990e-05   2.765990e-05   2.765990e-05   2.765990e-05
   1.000000e-02  -1.003328e-04  -5.776122e-05   2.044580e-03  -2.104491e-03  -2.187255e-03   2.121344e-03   3.557358e-05  -5.175807e-05   8.451465e-05   8.451465e-05   8.451465e-05   8.451465e-05   8.921841e-05   8.921841e-05   8.921841e-05   8.921841e-05
   1.000000e-01   1.242746e-04  -3.501021e-04   6.048718e-03  -6.902931e-03  -6.065825e-03   7.341723e-03   1.705347e-04   4.943751e-04   2.750071e-04   2.750071e-04   2.750071e-04   2.750071e-04   2.958442e-04   2.958442e-04   2.958442e-04   2.958442e-04
   12   12     -13.000000      -5.000000
    3
   1.000000e-03  -4.055519e-05  -6.268422e-05   6.094643e-04  -6.608558e-04  -6.561414e-04   6.301421e-04   1.469016e-05  -3.411612e-05   2.717635e-05   2.717635e-05   2.717635e-05   2.717635e-05   2.800339e-05   2.800339e-05   2.800339e-05   2.800339e-05
   1.000000e-02   1.599887e-04   6.387784e-06   1.995132e-03  -1.871257e-03  -2.118458e-03   1.936368e-03   6.267087e-05  -5.959379e-05   8.451745e-05   8.451745e-05   8.451745e-05   8.451745e-05   8.932069e-05   8.932069e-05   8.932069e-05   8.932069e-05
   1.000000e-01   2.733263e-04   1.408733e-04   6.020438e-03  -6.672661e-03  -6.721836e-03   6.678275e-03  -2.120754e-04  -3.491655e-04   2.677356e-04   2.677356e-04   2.677356e-04   2.677356e-04   2.868933e-04   2.868933e-04   2.868933e-04   2.868933e-04
   13   13     -13.000000       5.000000
    3
   1.000000e-03   5.040908e-06  -9.831175e-06   6.934953e-04  -6.402006e-04  -6.468904e-04   6.558604e-04  -4.492720e-05   2.523149e-05   2.686664e-05   2.686664e-05   2.686664e-05   2.686664e-05   2.788402e-05   2.788402e-05   2.788402e-05   2.788402e-05
   1.000000e-02  -1.595730e-05   2.106784e-05   1.935994e-03  -1.864824e-03  -2.170672e-03   2.066463e-03  -1.292390e-04   1.241853e-04   8.404377e-05   8.404377e-05   8.404377e-05   8.404377e-05   8.898097e-05   8.898097e-05   8.898097e-05   8.898097e-05
   1.000000e-01   2.234134e-04   3.513856e-04   5.915809e-03  -6.158257e-03  -6.667182e-03   6.583101e-03  -3.349058e-04  -2.929218e-04   2.721579e-04   2.721579e-04   2.721579e-04   2.721579e-04   2.853097e-04   2.853097e-04   2.853097e-04   2.853097e-04
   14   14     -13.000000       9.000000
    3
   1.000000e-03  -3.272553e-05  -1.009756e-05   5.978557e-04  -6.551871e-04  -6.812663e-04   6.656768e-04  -6.277895e-05   6.108288e-05   2.679791e-05   2.679791e-05   2.679791e-05   2.679791e-05   2.737598e-05   2.737598e-05   2.737598e-05   2.737598e-05
   1.000000e-02  -2.090908e-05  -2.294721e-04   1.880895e-03  -1.983908e-03  -1.980615e-03   2.041176e-03  -3.308896e-04   1.246584e-05   8.381529e-05   8.381529e-05   8.381529e-05   8.381529e-05   8.741175e-05   8.741175e-05   8.741175e-05   8.741175e-05
   1.000000e-01  -7.234630e-06  -6.504756e-05   6.020173e-03  -6.563810e-03  -6.889300e-03   6.518921e-03  -3.040076e-04  -2.817141e-04   2.696032e-04   2.696032e-04   2.696032e-04   2.696032e-04   2.801156e-04   2.801156e-04   2.801156e-04   2.801156e-04
   15   15     -13.000000      13.000000
    3
   1.000000e-03  -1.251471e-05  -7.518082e-06   5.852431e-04  -6.113777e-04  -6.362311e-04   6.112894e-04  -1.134690e-04   6.204556e-05   2.646216e-05   2.646216e-05   2.646216e-05   2.646216e-05   2.702624e-05   2.702624e-05   2.702624e-05   2.702624e-05
   1.000000e-02  -1.659034e-04  -6.213284e-05   2.037513e-03  -2.132552e-03  -1.990073e-03   1.963963e-03  -2.085802e-04   1.696679e-04   8.362720e-05   8.362720e-05   8.362720e-05   8.362720e-05   8.674907e-05   8.674907e-05   8.674907e-05   8.674907e-05
   1.000000e-01  -1.956098e-04  -2.047433e-04   6.030237e-03  -7.156899e-03  -6.521652e-03   6.707802e-03  -5.384259e-04  -1.662046e-04   2.754805e-04   2.754805e-04   2.754805e-04   2.754805e-04   2.819818e-04   2.819818e-04   2.819818e-04   2.819818e-04
   16   16     -13.000000      17.000000
    3
   1.000000e-03   1.625687e-06   2.329094e-05   6.073159e-04  -6.173489e-04  -6.285219e-04   6.787930e-04  -2.448419e-05  -1.262016e-06   2.612634e-05   2.612634e-05   2.612634e-05   2.612634e-05   2.687753e-05   2.687753e-05   2.687753e-05   2.687753e-05
   1.000000e-02  -1.147420e-04   6.476844e-06   1.921787e-03  -1.982731e-03  -1.938679e-03   2.089290e-03  -7.666060e-05   3.725127e-05   8.372534e-05   8.372534e-05   8.372534e-05   8.372534e-05   8.707808e-05   8.707808e-05   8.707808e-05   8.707808e-05
   1.000000e-01   1.441393e-04   2.906583e-05   6.304240e-03  -7.257301e-03  -6.453807e-03   7.533325e-03  -2.511322e-04   1.210151e-04   2.863606e-04   2.863606e-04   2.863606e-04   2.863606e-04   2.914749e-04   2.914749e-04   2.914749e-04   2.914749e-04
   17   17      -9.000000     -17.000000
    3
   1.000000e-03   2.097739e-06   6.051287e-05   5.581954e-04  -5.824358e-04  -5.737525e-04   6.345612e-04   5.240911e-05  -3.650667e-06   2.455644e-05   2.455644e-05   2.455644e-05   2.455644e-05   2.659991e-05   2.659991e-05   2.659991e-05   2.659991e-05
   1.000000e-02   1.294630e-04   3.780802e-05   1.811447e-03  -1.943477e-03  -1.910465e-03   1.900617e-03   1.076004e-04  -1.289869e-04   7.947050e-05   7.947050e-05   7.947050e-05   7.947050e-05   8.583202e-05   8.583202e-05   8.583202e-05   8.583202e-05
   1.000000e-01   1.682634e-05   9.900720e-06   6.422379e-03  -7.567429e-03  -6.508782e-03   6.833158e-03   2.010292e-04  -9.273432e-05   2.776475e-04   2.776475e-04   2.776475e-04   2.776475e-04   2.836698e-04   2.836698e-04   2.836698e-04   2.836698e-04
   18   18      -9.000000     -13.000000
    3
   1.000000e-03   5.822140e-05  -5.805186e-05   5.400225e-04  -6.371233e-04  -6.946984e-04   6.655524e-04   4.051080e-05  -4.179781e-05   2.440115e-05   2.440115e-05   2.440115e-05   2.440115e-05   2.723052e-05   2.723052e-05   2.723052e-05   2.723052e-05
   1.000000e-02   1.768714e-04  -6.573713e-05   1.679469e-03  -1.859497e-03  -1.980015e-03   2.250830e-03   6.190290e-05  -1.147357e-04   7.811179e-05   7.811179e-05   7.811179e-05   7.811179e-05   8.792133e-05   8.792133e-05   8.792133e-05   8.792133e-05
   1.000000e-01  -2.190365e-04   2.866606e-04   5.740914e-03  -6.754052e-03  -6.708187e-03   6.782591e-03  -1.418179e-04  -9.421169e-05   2.670549e-04   2.670549e-04   2.670549e-04   2.670549e-04   2.916801e-04   2.916801e-04   2.916801e-04   2.916801e-04
   19   19      -9.000000      -9.000000
    3
   1.000000e-03  -1.471932e-05   1.390548e-06   5.275594e-04  -5.739279e-04  -6.011153e-04   6.859292e-04   6.673978e-05  -7.519946e-05   2.417379e-05   2.417379e-05   2.417379e-05   2.417379e-05   2.781115e-05   2.781115e-05   2.781115e-05   2.781115e-05
   1.000000e-02   4.093915e-05   5.200984e-05   1.770848e-03  -1.899705e-03  -2.152060e-03   2.060715e-03   2.698269e-04  -1.101297e-04   7.722001e-05   7.722001e-05   7.722001e-05   7.722001e-05   8.925735e-05   8.925735e-05   8.925735e-05   8.925735e-05
   1.000000e-01  -1.995148e-05  -7.415554e-05   5.387010e-03  -6.844920e-03  -6.854775e-03   7.391794e-03   2.640955e-04   1.943068e-04   2.646306e-04   2.646306e-04   2.646306e-04   2.646306e-04   2.914989e-04   2.914989e-04   2.914989e-04   2.914989e-04
   20   20      -9.000000      -5.000000
    3
   1.000000e-03   6.484957e-06   2.705593e-05   5.452089e-04  -5.355259e-04  -5.804015e-04   6.597637e-04   6.446254e-05  -1.098982e-05   2.355121e-05   2.355121e-05   2.355121e-05   2.355121e-05   2.827183e-05   2.827183e-05   2.827183e-05   2.827183e-05
   1.000000e-02   1.242237e-05   3.619551e-05   1.754326e-03  -1.851164e-03  -2.106565e-03   2.179580e-03   1.319967e-04  -5.804883e-05   7.530860e-05   7.530860e-05   7.530860e-05   7.530860e-05   9.047155e-05   9.047155e-05   9.047155e-05   9.047155e-05
   1.000000e-01  -4.284417e-04   2.465286e-04   5.296381e-03  -7.416748e-03  -7.130645e-03   7.152430e-03  -6.429874e-05  -3.852656e-04   2.606437e-04   2.606437e-04   2.606437e-04   2.606437e-04   2.933181e-04   2.933181e-04   2.933181e-04   2.933181e-04
   21   21      -9.000000       5.000000
    3
   1.000000e-03  -1.292124e-05   5.916642e-05   5.420412e-04  -5.551201e-04  -6.653896e-04   6.499610e-04  -2.170903e-05   8.321643e-05   2.393351e-05   2.393351e-05   2.393351e-05   2.393351e-05   2.810520e-05   2.810520e-05   2.810520e-05   2.810520e-05
   1.000000e-02  -7.184830e-05   8.731138e-05   1.698910e-03  -1.727494e-03  -2.209152e-03   2.032770e-03  -1.356505e-04  -8.305790e-05   7.605172e-05   7.605172e-05   7.605172e-05   7.605172e-05   8.955417e-05   8.955417e-05   8.955417e-05   8.955417e-05
   1.000000e-01   8.299347e-05   2.694574e-04   5.697092e-03  -6.652548e-03  -6.276859e-03   6.670122e-03  -9.307642e-05  -2.422003e-04   2.580758e-04   2.580758e-04   2.580758e-04   2.580758e-04   2.858027e-04   2.858027e-04   2.858027e-04   2.858027e-04
   22   22      -9.000000       9.000000
    3
   1.000000e-03   1.712703e-05  -1.357973e-05   6.046823e-04  -5.522879e-04  -6.294585e-04   6.992697e-04  -1.218797e-04   5.125396e-05   2.427363e-05   2.427363e-05   2.427363e-05   2.427363e-05   2.757566e-05   2.757566e-05   2.757566e-05   2.757566e-05
   1.000000e-02  -4.414326e-05   8.317516e-05   1.954408e-03  -1.930360e-03  -2.161271e-03   2.020729e-03  -2.892520e-04   1.146440e-04   7.741693e-05   7.741693e-05   7.741693e-05   7.741693e-05   8.830792e-05   8.830792e-05   8.830792e-05   8.830792e-05
   1.000000e-01   2.887264e-04   2.289903e-04   6.025029e-03  -6.951280e-03  -7.021379e-03   7.152471e-03   4.985195e-04  -3.199566e-04   2.639111e-04   2.639111e-04   2.639111e-04   2.639111e-04   2.852589e-04   2.852589e-04   2.852589e-04   2.852589e-04
   23   23      -9.000000      13.000000
    3
   1.000000e-03   3.841667e-06   1.990406e-05   6.037655e-04  -5.447983e-04  -5.705625e-04   6.440071e-04  -9.898334e-05   4.015150e-05   2.482281e-05   2.482281e-05   2.482281e-05   2.482281e-05   2.710651e-05   2.710651e-05   2.710651e-05   2.710651e-05
   1.000000e-02  -9.535938e-05   3.824930e-05   1.853398e-03  -2.037263e-03  -2.041648e-03   2.029760e-03  -1.633199e-04   1.106861e-04   7.964134e-05   7.964134e-05   7.964134e-05   7.964134e-05   8.754790e-05   8.754790e-05   8.754790e-05   8.754790e-05
   1.000000e-01   4.137466e-04  -3.730858e-04   5.795783e-03  -7.375628e-03  -6.540406e-03   7.199717e-03   3.366477e-05  -5.153874e-04   2.745266e-04   2.745266e-04   2.745266e-04   2.745266e-04   2.897414e-04   2.897414e-04   2.897414e-04   2.897414e-04
   24   24      -9.000000      17.000000
    3
   1.000000e-03   1.285820e-05  -3.621963e-06   6.406255e-04  -5.829963e-04  -6.242291e-04   6.322026e-04  -4.760861e-05   1.281305e-06   2.531483e-05   2.531483e-05   2.531483e-05   2.531483e-05   2.682904e-05   2.682904e-05   2.682904e-05   2.682904e-05
   1.000000e-02   6.588578e-05  -5.389027e-06   1.950620e-03  -1.929116e-03  -1.982563e-03   1.909514e-03  -3.358528e-05   9.204388e-06   8.131665e-05   8.131665e-05   8.131665e-05   8.131665e-05   8.686177e-05   8.686177e-05   8.686177e-05   8.686177e-05
   1.000000e-01  -7.228348e-04   6.842185e-04   6.072656e-03  -7.788632e-03  -6.786738e-03   7.369049e-03  -6.664882e-04   2.185576e-04   2.797908e-04   2.797908e-04   2.797908e-04   2.797908e-04   2.895647e-04   2.895647e-04   2.895647e-04   2.895647e-04
   25   25      -5.000000     -17.000000
    3
   1.000000e-03  -2.562690e-05  -1.842757e-05   5.630327e-04  -5.660756e-04  -6.378486e-04   6.083929e-04   1.259152e-05  -7.581773e-05   2.361671e-05   2.361671e-05   2.361671e-05   2.361671e-05   2.649582e-05   2.649582e-05   2.649582e-05   2.649582e-05
   1.000000e-02   4.125079e-05   9.209003e-05   1.820721e-03  -1.949854e-03  -1.870831e-03   2.067796e-03  -2.193027e-05   1.980064e-05   7.703150e-05   7.703150e-05   7.703150e-05   7.703150e-05   8.546040e-05   8.546040e-05   8.546040e-05   8.546040e-05
   1.000000e-01  -1.843476e-04  -4.084657e-05   5.290161e-03  -7.115389e-03  -6.482649e-03   7.033076e-03  -2.965923e-04   1.720162e-04   2.746889e-04   2.746889e-04   2.746889e-04   2.746889e-04   2.822570e-04   2.822570e-04   2.822570e-04   2.822570e-04
   26   26      -5.000000     -13.000000
    3
   1.000000e-03  -1.309813e-05  -2.758266e-05   5.297278e-04  -5.553920e-04  -6.520091e-04   6.866198e-04   4.231792e-05  -7.473300e-05   2.253494e-05   2.253494e-05   2.253494e-05   2.253494e-05   2.715034e-05   2.715034e-05   2.715034e-05   2.715034e-05
   1.000000e-02  -3.318882e-05   5.441466e-06   1.546005e-03  -1.862729e-03  -1.930600e-03   1.985571e-03   8.654961e-05  -4.053095e-05   7.345355e-05   7.345355e-05   7.345355e-05   7.345355e-05   8.713971e-05   8.713971e-05   8.713971e-05   8.713971e-05
   1.000000e-01  -4.493345e-04   6.657193e-05   5.693486e-03  -7.193465e-03  -6.560165e-03   7.165732e-03   4.643965e-04   2.287111e-04   2.634248e-04   2.634248e-04   2.634248e-04   2.634248e-04   2.836773e-04   2.836773e-04   2.836773e-04   2.836773e-04
   27   27      -5.000000      -9.000000
    3
   1.000000e-03  -2.194036e-05  -2.613735e-05   5.480109e-04  -5.147230e-04  -6.817144e-04   6.632110e-04   3.255141e-05  -4.258736e-05   2.161980e-05   2.161980e-05   2.161980e-05   2.161980e-05   2.782394e-05   2.782394e-05   2.782394e-05   2.782394e-05
   1.000000e-02   9.404952e-05  -8.175825e-05   1.560624e-03  -1.735673e-03  -2.146981e-03   2.084508e-03   1.781672e-04  -4.060271e-06   7.081591e-05   7.081591e-05   7.081591e-05   7.081591e-05   8.909495e-05   8.909495e-05   8.909495e-05   8.909495e-05
   1.000000e-01  -4.803320e-05   2.353652e-04   5.557928e-03  -7.121449e-03  -6.467880e-03   6.934028e-03  -1.778647e-04  -2.346289e-04   2.593662e-04   2.593662e-04   2.593662e-04   2.593662e-04   2.886436e-04   2.886436e-04   2.886436e-04   2.886436e-04
   28   28      -5.000000      -5.000000
    3
   1.000000e-03  -5.119838e-06  -2.534479e-06   4.832310e-04  -5.065601e-04  -6.307332e-04   6.666930e-04   4.223468e-05  -8.599988e-05   2.033383e-05   2.033383e-05   2.033383e-05   2.033383e-05   2.836803e-05   2.836803e-05   2.836803e-05   2.836803e-05
   1.000000e-02   8.539852e-06   7.480740e-05   1.519461e-03  -1.710359e-03  -2.063553e-03   2.073490e-03   1.432257e-04  -1.312268e-04   6.719187e-05   6.719187e-05   6.719187e-05   6.719187e-05   9.042492e-05   9.042492e-05   9.042492e-05   9.042492e-05
   1.000000e-01  -5.464974e-06  -1.101388e-04   5.297729e-03  -6.554390e-03  -6.560624e-03   7.366499e-03   2.186005e-04  -4.649746e-04   2.521531e-04   2.521531e-04   2.521531e-04   2.521531e-04   2.893626e-04   2.893626e-04   2.893626e-04   2.893626e-04
   29   29      -5.000000       5.000000
    3
   1.000000e-03  -2.994769e-05   9.973136e-07   4.433851e-04  -5.260169e-04  -6.469114e-04   6.603042e-04  -6.552099e-05  -4.054193e-05   2.101076e-05   2.101076e-05   2.101076e-05   2.101076e-05   2.837682e-05   2.837682e-05   2.837682e-05   2.837682e-05
   1.000000e-02  -1.522869e-04   3.297407e-05   1.534686e-03  -1.654745e-03  -2.246022e-03   2.185094e-03   1.957993e-06   7.111820e-08   6.897840e-05   6.897840e-05   6.897840e-05   6.897840e-05   9.060204e-05   9.060204e-05   9.060204e-05   9.060204e-05
   1.000000e-01  -1.464515e-04   5.139822e-05   5.087269e-03  -6.619394e-03  -6.730390e-03   6.986712e-03  -1.348556e-04  -3.328761e-04   2.548576e-04   2.548576e-04   2.548576e-04   2.548576e-04   2.910813e-04   2.910813e-04   2.910813e-04   2.910813e-04
   30   30      -5.000000       9.000000
    3
   1.000000e-03   8.786077e-07   1.194349e-05   4.942593e-04  -4.999480e-04  -6.450404e-04   6.229790e-04  -1.718073e-05   4.958385e-06   2.208829e-05   2.208829e-05   2.208829e-05   2.208829e-05   2.771313e-05   2.771313e-05   2.771313e-05   2.771313e-05
   1.000000e-02  -1.243024e-04   2.287435e-05   1.672183e-03  -1.814081e-03  -2.186800e-03   2.121796e-03  -1.852202e-04   7.011484e-05   7.198248e-05   7.198248e-05   7.198248e-05   7.198248e-05   8.952547e-05   8.952547e-05   8.952547e-05   8.952547e-05
   1.000000e-01  -4.363472e-04  -1.384215e-04   5.349559e-03  -7.137261e-03  -6.596078e-03   7.100601e-03  -2.610253e-04   1.353051e-04   2.597056e-04   2.597056e-04   2.597056e-04   2.597056e-04   2.968823e-04   2.968823e-04   2.968823e-04   2.968823e-04
   31   31      -5.000000      13.000000
    3
   1.000000e-03   4.020297e-07  -2.197868e-05   5.302873e-04  -5.604828e-04  -6.561933e-04   5.985698e-04  -1.528510e-05   4.465448e-05   2.307391e-05   2.307391e-05   2.307391e-05   2.307391e-05   2.701301e-05   2.701301e-05   2.701301e-05   2.701301e-05
   1.000000e-02   7.005987e-05  -5.225751e-06   1.782715e-03  -1.856615e-03  -2.133314e-03   1.991383e-03  -1.418534e-04  -6.281221e-05   7.508658e-05   7.508658e-05   7.508658e-05   7.508658e-05   8.740372e-05   8.740372e-05   8.740372e-05   8.740372e-05
   1.000000e-01   1.488075e-05  -8.074913e-04   5.309357e-03  -7.046328e-03  -6.618257e-03   6.977676e-03   2.354179e-04  -6.561501e-04   2.687097e-04   2.687097e-04   2.687097e-04   2.687097e-04   2.905505e-04   2.905505e-04   2.905505e-04   2.905505e-04
   32   32      -5.000000      17.000000
    3
   1.000000e-03  -2.565935e-05  -4.920440e-05   5.400809e-04  -5.713504e-04  -6.566020e-04   6.506597e-04  -6.838698e-05   7.157641e-05   2.393836e-05   2.393836e-05   2.393836e-05   2.393836e-05   2.666742e-05   2.666742e-05   2.666742e-05   2.666742e-05
   1.000000e-02  -8.526824e-05  -9.637279e-05   1.891109e-03  -2.061843e-03  -1.920223e-03   2.167330e-03  -1.441874e-04   8.219538e-05   7.842511e-05   7.842511e-05   7.842511e-05   7.842511e-05   8.680224e-05   8.680224e-05   8.680224e-05   8.680224e-05
   1.000000e-01  -1.154372e-05   5.596770e-04   5.811589e-03  -7.365219e-03  -6.566528e-03   7.272660e-03  -1.069795e-04  -6.554472e-05   2.848919e-04   2.848919e-04   2.848919e-04   2.848919e-04   2.944593e-04   2.944593e-04   2.944593e-04   2.944593e-04
   33   33       5.000000     -17.000000
    3
   1.000000e-03   8.731138e-06   1.858663e-05   5.692572e-04  -5.173405e-04  -5.890245e-04   6.412036e-04  -4.614527e-05   1.983561e-05   2.328221e-05   2.328221e-05   2.328221e-05   2.328221e-05   2.659989e-05   2.659989e-05   2.659989e-05   2.659989e-05
   1.000000e-02  -8.499077e-05  -7.721844e-06   1.717579e-03  -1.879592e-03  -2.039176e-03   1.983355e-03  -4.221586e-05  -3.342804e-05   7.638137e-05   7.638137e-05   7.638137e-05   7.638137e-05   8.595521e-05   8.595521e-05   8.595521e-05   8.595521e-05
   1.000000e-01  -8.821057e-05   1.535046e-04   5.736080e-03  -7.248286e-03  -6.626878e-03   6.970886e-03   5.176050e-05  -7.638979e-04   2.765185e-04   2.765185e-04   2.765185e-04   2.765185e-04   2.858449e-04   2.858449e-04   2.858449e-04   2.858449e-04
   34   34       5.000000     -13.000000
    3
   1.000000e-03  -3.208116e-05   2.831815e-05   5.562243e-04  -5.679150e-04  -6.660589e-04   6.372751e-04  -6.716351e-05  -1.417535e-05   2.227490e-05   2.227490e-05   2.227490e-05   2.227490e-05   2.711878e-05   2.711878e-05   2.711878e-05   2.711878e-05
   1.000000e-02  -2.754650e-05   7.847661e-05   1.663957e-03  -1.742375e-03  -2.050681e-03   2.193756e-03  -2.582862e-04  -9.281600e-05   7.293301e-05   7.293301e-05   7.293301e-05   7.293301e-05   8.724029e-05   8.724029e-05   8.724029e-05   8.724029e-05
   1.000000e-01   4.539191e-04  -6.565237e-05   5.730841e-03  -7.058649e-03  -6.382979e-03   6.770032e-03   2.124612e-04  -2.720707e-04   2.647305e-04   2.647305e-04   2.647305e-04   2.647305e-04   2.862806e-04   2.862806e-04   2.862806e-04   2.862806e-04
   35   35       5.000000      -9.000000
    3
   1.000000e-03  -4.451397e-05  -1.000064e-05   5.224642e-04  -5.001985e-04  -6.774389e-04   6.767542e-04  -2.226629e-05   2.601166e-05   2.103611e-05   2.103611e-05   2.103611e-05   2.103611e-05   2.800970e-05   2.800970e-05   2.800970e-05   2.800970e-05
   1.000000e-02  -3.219272e-05   1.170562e-04   1.526754e-03  -1.673499e-03  -2.060855e-03   2.235021e-03  -2.105609e-05  -3.691281e-05   6.905648e-05   6.905648e-05   6.905648e-05   6.905648e-05   8.941708e-05   8.941708e-05   8.941708e-05   8.941708e-05
   1.000000e-01   1.704815e-05  -3.046551e-04   5.179533e-03  -6.855229e-03  -6.986980e-03   6.285865e-03   2.686956e-04   5.090654e-04   2.548863e-04   2.548863e-04   2.548863e-04   2.548863e-04   2.871606e-04   2.871606e-04   2.871606e-04   2.871606e-04
   36   36       5.000000      -5.000000
    3
   1.000000e-03   1.698453e-05   2.321806e-05   4.854432e-04  -4.815409e-04  -6.720541e-04   6.734803e-04   1.618656e-05   4.114821e-05   2.008699e-05   2.008699e-05   2.008699e-05   2.008699e-05   2.846307e-05   2.846307e-05   2.846307e-05   2.846307e-05
   1.000000e-02  -2.440936e-05   1.019531e-04   1.418148e-03  -1.700521e-03  -2.175455e-03   2.056310e-03  -1.362240e-04  -3.419699e-05   6.665789e-05   6.665789e-05   6.665789e-05   6.665789e-05   9.026279e-05   9.026279e-05   9.026279e-05   9.026279e-05
   1.000000e-01  -9.479651e-05  -5.614091e-04   4.932644e-03  -6.990009e-03  -6.527932e-03   6.649871e-03   4.492173e-04  -1.869753e-04   2.532542e-04   2.532542e-04   2.532542e-04   2.532542e-04   2.846173e-04   2.846173e-04   2.846173e-04   2.846173e-04
   37   37       5.000000       5.000000
    3
   1.000000e-03   1.145543e-05   1.449276e-05   4.695426e-04  -5.003476e-04  -6.734460e-04   7.300880e-04   1.491899e-05  -7.429240e-05   2.072002e-05   2.072002e-05   2.072002e-05   2.072002e-05   2.827614e-05   2.827614e-05   2.827614e-05   2.827614e-05
   1.000000e-02  -6.347015e-05   8.648847e-05   1.456838e-03  -1.812331e-03  -2.153771e-03   2.057325e-03   1.811816e-04   3.829650e-05   6.850212e-05   6.850212e-05   6.850212e-05   6.850212e-05   9.021769e-05   9.021769e-05   9.021769e-05   9.021769e-05
   1.000000e-01   1.025654e-04  -3.568271e-05   4.840983e-03  -7.275986e-03  -6.564097e-03   6.726975e-03   2.077314e-04   5.507425e-04   2.568235e-04   2.568235e-04   2.568235e-04   2.568235e-04   2.891025e-04   2.891025e-04   2.891025e-04   2.891025e-04
   38   38       5.000000       9.000000
    3
   1.000000e-03   2.007916e-06  -2.549770e-05   4.823544e-04  -5.373184e-04  -6.734501e-04   6.936294e-04   2.024010e-05  -5.089505e-05   2.100953e-05   2.100953e-05   2.100953e-05   2.100953e-05   2.772882e-05   2.772882e-05   2.772882e-05   2.772882e-05
   1.000000e-02   6.921676e-05  -6.847601e-05   1.609017e-03  -1.741558e-03  -2.062955e-03   2.067742e-03   1.281027e-04  -1.491265e-04   6.945667e-05   6.945667e-05   6.945667e-05   6.945667e-05   8.885251e-05   8.885251e-05   8.885251e-05   8.885251e-05
   1.000000e-01  -2.701418e-04  -2.607095e-04   4.762418e-03  -6.870328e-03  -6.384439e-03   7.028590e-03   4.766702e-04  -4.584237e-05   2.583135e-04   2.583135e-04   2.583135e-04   2.583135e-04   2.876797e-04   2.876797e-04   2.876797e-04   2.876797e-04
   39   39       5.000000      13.000000
    3
   1.000000e-03  -9.195986e-06   7.199976e-06   5.575152e-04  -5.378281e-04  -6.152207e-04   6.743154e-04   8.783917e-06   1.301317e-06   2.297056e-05   2.297056e-05   2.297056e-05   2.297056e-05   2.704207e-05   2.704207e-05   2.704207e-05   2.704207e-05
   1.000000e-02   4.801163e-05   3.935811e-05   1.595191e-03  -1.813578e-03  -1.897422e-03   2.261546e-03   2.026459e-04  -1.329286e-04   7.532239e-05   7.532239e-05   7.532239e-05   7.532239e-05   8.748173e-05   8.748173e-05   8.748173e-05   8.748173e-05
   1.000000e-01   2.027725e-04   1.741289e-04   5.996029e-03  -7.087990e-03  -6.694056e-03   7.387346e-03  -2.340474e-04  -5.058276e-04   2.736078e-04   2.736078e-04   2.736078e-04   2.736078e-04   2.904701e-04   2.904701e-04   2.904701e-04   2.904701e-04
   40   40       5.000000      17.000000
    3
   1.000000e-03  -5.938629e-06  -2.375955e-05   5.610866e-04  -5.863980e-04  -6.539738e-04   6.100831e-04   5.931372e-05   8.175152e-06   2.386978e-05   2.386978e-05   2.386978e-05   2.386978e-05   2.659832e-05   2.659832e-05   2.659832e-05   2.659832e-05
   1.000000e-02  -3.148828e-05  -1.508915e-05   1.924841e-03  -1.858307e-03  -1.845714e-03   2.035984e-03   1.097356e-04  -1.181515e-05   7.789858e-05   7.789858e-05   7.789858e-05   7.789858e-05   8.641422e-05   8.641422e-05   8.641422e-05   8.641422e-05
   1.000000e-01   1.738439e-04   2.383233e-04   5.734244e-03  -7.663624e-03  -6.444325e-03   7.099700e-03   2.162076e-04   2.092495e-04   2.788943e-04   2.788943e-04   2.788943e-04   2.788943e-04   2.908316e-04   2.908316e-04   2.908316e-04   2.908316e-04
   41   41       9.000000     -17.000000
    3
   1.000000e-03  -2.511463e-05   3.552796e-06   5.716854e-04  -6.005376e-04  -6.052306e-04   6.616615e-04  -6.310734e-05   7.197136e-05   2.471868e-05   2.471868e-05   2.471868e-05   2.471868e-05   2.679069e-05   2.679069e-05   2.679069e-05   2.679069e-05
   1.000000e-02  -1.026544e-04  -7.739108e-05   1.867678e-03  -1.948119e-03  -2.125864e-03   2.132987e-03  -1.944993e-04   3.692407e-05   8.012764e-05   8.012764e-05   8.012764e-05   8.012764e-05   8.709331e-05   8.709331e-05   8.709331e-05   8.709331e-05
   1.000000e-01  -2.753204e-04   7.904636e-05   5.920292e-03  -7.371547e-03  -6.203804e-03   7.293474e-03  -5.117974e-04  -9.471747e-05   2.815146e-04   2.815146e-04   2.815146e-04   2.815146e-04   2.954170e-04   2.954170e-04   2.954170e-04   2.954170e-04
   42   42       9.000000     -13.000000
    3
   1.000000e-03   2.331933e-05   4.677115e-06   5.912736e-04  -5.761002e-04  -5.905526e-04   6.087407e-04  -5.668545e-05   4.819549e-05   2.379007e-05   2.379007e-05   2.379007e-05   2.379007e-05   2.712574e-05   2.712574e-05   2.712574e-05   2.712574e-05
   1.000000e-02  -7.227154e-05   1.599544e-06   1.795505e-03  -1.868308e-03  -1.944686e-03   1.977908e-03  -2.136258e-04   6.103282e-05   7.671577e-05   7.671577e-05   7.671577e-05   7.671577e-05   8.731194e-05   8.731194e-05   8.731194e-05   8.731194e-05
   1.000000e-01   6.035274e-04  -2.497999e-04   5.629681e-03  -6.922085e-03  -6.303772e-03   6.905576e-03   1.937708e-04   3.081581e-04   2.677372e-04   2.677372e-04   2.677372e-04   2.677372e-04   2.873919e-04   2.873919e-04   2.873919e-04   2.873919e-04
   43   43       9.000000      -9.000000
    3
   1.000000e-03  -6.781440e-05   2.443874e-05   5.206606e-04  -5.827592e-04  -6.521404e-04   6.510373e-04  -4.598930e-05   2.752504e-05   2.317920e-05   2.317920e-05   2.317920e-05   2.317920e-05   2.769713e-05   2.769713e-05   2.769713e-05   2.769713e-05
   1.000000e-02   9.747325e-05  -8.141609e-06   1.645271e-03  -1.688347e-03  -2.018868e-03   2.151547e-03  -3.155326e-04   5.713017e-05   7.466946e-05   7.466946e-05   7.466946e-05   7.466946e-05   8.850418e-05   8.850418e-05   8.850418e-05   8.850418e-05
   1.000000e-01  -1.617957e-04   2.334098e-04   5.296660e-03  -6.529714e-03  -6.616296e-03   6.800174e-03   4.255868e-05   7.403750e-05   2.613866e-04   2.613866e-04   2.613866e-04   2.613866e-04   2.852516e-04   2.852516e-04   2.852516e-04   2.852516e-04
   44   44       9.000000      -5.000000
    3
   1.000000e-03  -8.978118e-06   2.743043e-06   5.211881e-04  -5.606174e-04  -6.490115e-04   6.863782e-04  -4.360183e-05   2.541482e-05   2.278489e-05   2.278489e-05   2.278489e-05   2.278489e-05   2.821849e-05   2.821849e-05   2.821849e-05   2.821849e-05
   1.000000e-02   6.430972e-07   1.031003e-04   1.639682e-03  -1.793276e-03  -2.068983e-03   2.023561e-03  -1.905161e-05   5.091778e-05   7.344508e-05   7.344508e-05   7.344508e-05   7.344508e-05   9.033424e-05   9.033424e-05   9.033424e-05   9.033424e-05
   1.000000e-01   9.846055e-05   3.969309e-05   5.181840e-03  -6.666419e-03  -6.838604e-03   7.296091e-03   1.412325e-04  -1.669424e-04   2.588846e-04   2.588846e-04   2.588846e-04   2.588846e-04   2.934656e-04   2.934656e-04   2.934656e-04   2.934656e-04
   45   45       9.000000       5.000000
    3
   1.000000e-03   1.137566e-05   8.892570e-06   5.425194e-04  -5.791973e-04  -6.663116e-04   6.884729e-04   5.386695e-06   3.685501e-06   2.294382e-05   2.294382e-05   2.294382e-05   2.294382e-05   2.813833e-05   2.813833e-05   2.813833e-05   2.813833e-05
   1.000000e-02   2.118348e-06  -3.952189e-05   1.689906e-03  -1.780894e-03  -2.158517e-03   2.191061e-03   1.779534e-04  -7.909157e-05   7.402270e-05   7.402270e-05   7.402270e-05   7.402270e-05   8.967437e-05   8.967437e-05   8.967437e-05   8.967437e-05
   1.000000e-01  -1.171679e-04  -7.381992e-05   5.829783e-03  -7.029551e-03  -6.740850e-03   6.532635e-03  -3.689445e-04   1.198698e-04   2.609749e-04   2.609749e-04   2.609749e-04   2.609749e-04   2.866010e-04   2.866010e-04   2.866010e-04   2.866010e-04
   46   46       9.000000       9.000000
    3
   1.000000e-03   3.748453e-05   2.785141e-05   5.143932e-04  -5.971079e-04  -6.918115e-04   6.572147e-04   3.406913e-05  -4.835395e-05   2.342953e-05   2.342953e-05   2.342953e-05   2.342953e-05   2.757682e-05   2.757682e-05   2.757682e-05   2.757682e-05
   1.000000e-02   3.613264e-05   6.284021e-05   1.693696e-03  -1.784511e-03  -2.338271e-03   2.173990e-03   1.270684e-04  -1.766166e-04   7.556944e-05   7.556944e-05   7.556944e-05   7.556944e-05   8.829071e-05   8.829071e-05   8.829071e-05   8.829071e-05
   1.000000e-01  -8.753566e-05   2.731829e-04   5.366940e-03  -6.307137e-03  -6.271093e-03   6.596933e-03  -4.459031e-05  -5.422386e-04   2.642684e-04   2.642684e-04   2.642684e-04   2.642684e-04   2.851339e-04   2.851339e-04   2.851339e-04   2.851339e-04
   47   47       9.000000      13.000000
    3
   1.000000e-03   1.089678e-05  -2.603785e-05   5.445545e-04  -6.029556e-04  -6.330179e-04   6.270306e-04   8.649108e-05  -3.401389e-05   2.409743e-05   2.409743e-05   2.409743e-05   2.409743e-05   2.703156e-05   2.703156e-05   2.703156e-05   2.703156e-05
   1.000000e-02  -8.798672e-05   1.193019e-04   1.811548e-03  -1.900120e-03  -1.948923e-03   2.166715e-03   1.663297e-04  -8.356990e-05   7.773952e-05   7.773952e-05   7.773952e-05   7.773952e-05   8.708367e-05   8.708367e-05   8.708367e-05   8.708367e-05
   1.000000e-01  -6.774342e-05   2.056233e-04   5.424120e-03  -7.322810e-03  -6.293847e-03   7.088152e-03   6.487144e-04   6.116533e-04   2.694959e-04   2.694959e-04   2.694959e-04   2.694959e-04   2.857513e-04   2.857513e-04   2.857513e-04   2.857513e-04
   48   48       9.000000      17.000000
    3
   1.000000e-03   1.224658e-06  -4.606215e-05   5.831516e-04  -5.514901e-04  -6.416935e-04   6.360608e-04   5.492716e-05  -5.239554e-05   2.463761e-05   2.463761e-05   2.463761e-05   2.463761e-05   2.665868e-05   2.665868e-05   2.665868e-05   2.665868e-05
   1.000000e-02   2.194798e-05   1.867585e-05   1.700443e-03  -1.872220e-03  -1.819185e-03   2.105261e-03   1.347524e-04  -2.202279e-04   7.964159e-05   7.964159e-05   7.964159e-05   7.964159e-05   8.600933e-05   8.600933e-05   8.600933e-05   8.600933e-05
   1.000000e-01   6.684339e-04  -3.092215e-04   6.127209e-03  -7.097516e-03  -6.554232e-03   7.145779e-03   3.117409e-05  -1.682981e-05   2.769761e-04   2.769761e-04   2.769761e-04   2.769761e-04   2.830155e-04   2.830155e-04   2.830155e-04   2.830155e-04
   49   49      13.000000     -17.000000
    3
   1.000000e-03   1.632079e-06   7.834527e-06   6.193328e-04  -6.168108e-04  -6.066937e-04   6.247193e-04  -4.955590e-05   2.146432e-05   2.599317e-05   2.599317e-05   2.599317e-05   2.599317e-05   2.679485e-05   2.679485e-05   2.679485e-05   2.679485e-05
   1.000000e-02   7.709498e-05   1.476284e-04   1.841397e-03  -1.975791e-03  -2.050616e-03   2.194577e-03  -1.115987e-04  -9.354416e-05   8.345076e-05   8.345076e-05   8.345076e-05   8.345076e-05   8.644577e-05   8.644577e-05   8.644577e-05   8.644577e-05
   1.000000e-01   5.202900e-05   3.816675e-04   6.371294e-03  -7.491064e-03  -6.454719e-03   6.968431e-03  -2.319093e-07   2.376265e-04   2.860562e-04   2.860562e-04   2.860562e-04   2.860562e-04   2.867060e-04   2.867060e-04   2.867060e-04   2.867060e-04
   50   50      13.000000     -13.000000
    3
   1.000000e-03  -1.555863e-07  -7.339546e-06   5.677902e-04  -5.573151e-04  -6.944374e-04   6.747335e-04  -1.018889e-04   2.860708e-05   2.561376e-05   2.561376e-05   2.561376e-05   2.561376e-05   2.709239e-05   2.709239e-05   2.709239e-05   2.709239e-05
   1.000000e-02  -4.630304e-05   4.121002e-05   1.898691e-03  -1.869226e-03  -2.020673e-03   2.099504e-03  -6.313917e-05  -4.291009e-05   8.075517e-05   8.075517e-05   8.075517e-05   8.075517e-05   8.706378e-05   8.706378e-05   8.706378e-05   8.706378e-05
   1.000000e-01   1.908446e-04   4.770355e-04   5.475307e-03  -6.201278e-03  -6.498488e-03   7.010979e-03  -2.419100e-04   1.939320e-05   2.636655e-04   2.636655e-04   2.636655e-04   2.636655e-04   2.853169e-04   2.853169e-04   2.853169e-04   2.853169e-04
   51   51      13.000000      -9.000000
    3
   1.000000e-03  -3.169549e-05  -7.030129e-06   5.915827e-04  -5.989922e-04  -6.316385e-04   6.515809e-04  -6.640958e-05   4.968893e-05   2.580071e-05   2.580071e-05   2.580071e-05   2.580071e-05   2.761627e-05   2.761627e-05   2.761627e-05   2.761627e-05
   1.000000e-02  -3.588343e-05  -7.401229e-06   2.031834e-03  -1.743156e-03  -1.897600e-03   2.089610e-03  -9.460621e-05   9.592962e-05   8.154627e-05   8.154627e-05   8.154627e-05   8.154627e-05   8.844304e-05   8.844304e-05   8.844304e-05   8.844304e-05
   1.000000e-01  -1.324631e-04   2.336236e-04   5.400134e-03  -7.307966e-03  -7.263018e-03   7.275676e-03   3.428056e-04  -3.034767e-04   2.702569e-04   2.702569e-04   2.702569e-04   2.702569e-04   2.875167e-04   2.875167e-04   2.875167e-04   2.875167e-04
   52   52      13.000000      -5.000000
    3
   1.000000e-03   3.037416e-05   1.521003e-05   6.298766e-04  -6.252322e-04  -6.691869e-04   6.116379e-04  -3.390230e-05   2.821770e-05   2.616624e-05   2.616624e-05   2.616624e-05   2.616624e-05   2.794835e-05   2.794835e-05   2.794835e-05   2.794835e-05
   1.000000e-02  -5.183875e-05   6.150273e-05   1.860071e-03  -2.136787e-03  -2.171659e-03   2.120631e-03  -6.972180e-05  -1.388823e-05   8.229058e-05   8.229058e-05   8.229058e-05   8.229058e-05   8.935063e-05   8.935063e-05   8.935063e-05   8.935063e-05
   1.000000e-01   3.925696e-04   3.016240e-05   5.712536e-03  -6.702342e-03  -6.572134e-03   7.122900e-03  -3.662364e-04   3.125595e-04   2.701403e-04   2.701403e-04   2.701403e-04   2.701403e-04   2.891763e-04   2.891763e-04   2.891763e-04   2.891763e-04
   53   53      13.000000       5.000000
    3
   1.000000e-03   3.542524e-05  -1.814661e-05   5.721071e-04  -6.500573e-04  -6.244259e-04   6.415327e-04   4.768692e-05  -3.912899e-05   2.606145e-05   2.606145e-05   2.606145e-05   2.606145e-05   2.795118e-05   2.795118e-05   2.795118e-05   2.795118e-05
   1.000000e-02   2.014114e-04  -5.162608e-05   1.886667e-03  -1.970827e-03  -2.202276e-03   2.050095e-03   8.078506e-05   5.711110e-05   8.204279e-05   8.204279e-05   8.204279e-05   8.204279e-05   8.934980e-05   8.934980e-05   8.934980e-05   8.934980e-05
   1.000000e-01   9.486134e-05   1.196506e-04   5.345889e-03  -6.744745e-03  -6.688275e-03   7.265701e-03   1.171534e-04  -1.731737e-04   2.693622e-04   2.693622e-04   2.693622e-04   2.693622e-04   2.886477e-04   2.886477e-04   2.886477e-04   2.886477e-04
   54   54      13.000000       9.000000
    3
   1.000000e-03   6.124698e-06   1.914625e-05   6.619752e-04  -6.226162e-04  -6.818675e-04   6.534627e-04   5.370082e-05  -5.136724e-05   2.608443e-05   2.608443e-05   2.608443e-05   2.608443e-05   2.745820e-05   2.745820e-05   2.745820e-05   2.745820e-05
   1.000000e-02  -4.049162e-05  -2.980497e-05   1.864522e-03  -1.987350e-03  -1.932169e-03   2.066235e-03   1.862992e-04  -1.068425e-04   8.234536e-05   8.234536e-05   8.234536e-05   8.234536e-05   8.811910e-05   8.811910e-05   8.811910e-05   8.811910e-05
   1.000000e-01  -6.395327e-04   1.618449e-04   6.020339e-03  -6.544734e-03  -6.511501e-03   7.104376e-03   1.555501e-04   3.189019e-04   2.705288e-04   2.705288e-04   2.705288e-04   2.705288e-04   2.871160e-04   2.871160e-04   2.871160e-04   2.871160e-04
   55   55      13.000000      13.000000
    3
   1.000000e-03   2.479674e-05  -5.141987e-07   6.655658e-04  -6.142040e-04  -6.070189e-04   6.449841e-04   9.691805e-05  -7.847234e-05   2.596758e-05   2.596758e-05   2.596758e-05   2.596758e-05   2.708707e-05   2.708707e-05   2.708707e-05   2.708707e-05
   1.000000e-02  -1.426648e-04  -5.465666e-05   1.893102e-03  -1.790661e-03  -2.190661e-03   2.294192e-03   4.335721e-04  -4.922556e-05   8.276582e-05   8.276582e-05   8.276582e-05   8.276582e-05   8.716984e-05   8.716984e-05   8.716984e-05   8.716984e-05
   1.000000e-01   1.176945e-04   1.147697e-05   5.455290e-03  -7.152792e-03  -6.966645e-03   7.102881e-03  -1.310998e-04   3.548759e-04   2.771921e-04   2.771921e-04   2.771921e-04   2.771921e-04   2.857890e-04   2.857890e-04   2.857890e-04   2.857890e-04
   56   56      13.000000      17.000000
    3
   1.000000e-03  -4.695663e-05   2.819330e-05   6.237163e-04  -6.267080e-04  -6.549633e-04   6.398675e-04   8.736672e-05  -5.418077e-05   2.574239e-05   2.574239e-05   2.574239e-05   2.574239e-05   2.676035e-05   2.676035e-05   2.676035e-05   2.676035e-05
   1.000000e-02   3.221821e-05  -7.955684e-05   2.012254e-03  -1.998205e-03  -2.146772e-03   2.161793e-03   1.242253e-04  -4.164034e-05   8.272046e-05   8.272046e-05   8.272046e-05   8.272046e-05   8.608495e-05   8.608495e-05   8.608495e-05   8.608495e-05
   1.000000e-01   2.107142e-04  -2.203299e-04   6.303025e-03  -7.391167e-03  -6.563608e-03   6.670437e-03  -2.376424e-04   8.779922e-04   2.827373e-04   2.827373e-04   2.827373e-04   2.827373e-04   2.815308e-04   2.815308e-04   2.815308e-04   2.815308e-04
   57   57      17.000000     -17.000000
    3
   1.000000e-03   2.679859e-05   1.970355e-05   6.194375e-04  -6.736952e-04  -6.435139e-04   6.401854e-04  -5.677477e-05   6.329659e-05   2.724857e-05   2.724857e-05   2.724857e-05   2.724857e-05   2.691864e-05   2.691864e-05   2.691864e-05   2.691864e-05
   1.000000e-02  -1.147418e-04   8.109674e-06   2.073372e-03  -2.258247e-03  -1.995077e-03   2.069647e-03  -3.744708e-04   1.900871e-04   8.677995e-05   8.677995e-05   8.677995e-05   8.677995e-05   8.663458e-05   8.663458e-05   8.663458e-05   8.663458e-05
   1.000000e-01   1.794727e-04  -2.668559e-05   6.902290e-03  -7.468396e-03  -6.946938e-03   7.000913e-03   1.900540e-04  -3.234868e-04   2.911067e-04   2.911067e-04   2.911067e-04   2.911067e-04   2.863647e-04   2.863647e-04   2.863647e-04   2.863647e-04
   58   58      17.000000     -13.000000
    3
   1.000000e-03  -3.930681e-05   4.437884e-05   6.546311e-04  -7.014496e-04  -6.390328e-04   6.626979e-04  -3.245356e-05   2.616976e-05   2.777673e-05   2.777673e-05   2.777673e-05   2.777673e-05   2.714422e-05   2.714422e-05   2.714422e-05   2.714422e-05
   1.000000e-02   2.547477e-06   7.889040e-06   1.994683e-03  -2.136576e-03  -1.854220e-03   2.192206e-03   6.910429e-05   6.776974e-05   8.810429e-05   8.810429e-05   8.810429e-05   8.810429e-05   8.731584e-05   8.731584e-05   8.731584e-05   8.731584e-05
   1.000000e-01  -5.927199e-04  -8.807279e-05   6.263741e-03  -7.184420e-03  -6.200638e-03   7.008639e-03  -1.125567e-04  -6.430581e-04   2.931882e-04   2.931882e-04   2.931882e-04   2.931882e-04   2.878461e-04   2.878461e-04   2.878461e-04   2.878461e-04
   59   59      17.000000      -9.000000
    3
   1.000000e-03  -1.733090e-05   1.824576e-05   6.846900e-04  -6.294070e-04  -6.296937e-04   6.466816e-04  -7.943330e-05   9.332064e-05   2.802574e-05   2.802574e-05   2.802574e-05   2.802574e-05   2.738277e-05   2.738277e-05   2.738277e-05   2.738277e-05
   1.000000e-02   1.261385e-04   7.287016e-05   2.104500e-03  -2.084906e-03  -2.113262e-03   2.028070e-03  -3.750285e-04   3.624931e-05   8.785264e-05   8.785264e-05   8.785264e-05   8.785264e-05   8.778990e-05   8.778990e-05   8.778990e-05   8.778990e-05
   1.000000e-01   2.038749e-04  -2.464829e-04   6.036652e-03  -7.051282e-03  -6.109406e-03   7.334520e-03  -5.264032e-04  -5.359310e-04   2.827093e-04   2.827093e-04   2.827093e-04   2.827093e-04   2.864919e-04   2.864919e-04   2.864919e-04   2.864919e-04
   60   60      17.000000      -5.000000
    3
   1.000000e-03  -5.049103e-06  -2.726680e-06   6.881683e-04  -6.818083e-04  -6.521639e-04   6.271990e-04  -6.474978e-05   3.935159e-05   2.839677e-05   2.839677e-05   2.839677e-05   2.839677e-05   2.761405e-05   2.761405e-05   2.761405e-05   2.761405e-05
   1.000000e-02  -1.894740e-04  -1.306321e-04   2.053666e-03  -2.113978e-03  -1.952764e-03   2.287433e-03  -1.268580e-04  -9.269503e-05   8.848127e-05   8.848127e-05   8.848127e-05   8.848127e-05   8.804790e-05   8.804790e-05   8.804790e-05   8.804790e-05
   1.000000e-01   2.537880e-04  -4.049628e-04   6.544510e-03  -6.945850e-03  -6.891837e-03   6.501091e-03  -4.395943e-04  -1.034825e-04   2.807281e-04   2.807281e-04   2.807281e-04   2.807281e-04   2.830232e-04   2.830232e-04   2.830232e-04   2.830232e-04
   61   61      17.000000       5.000000
    3
   1.000000e-03   3.566684e-05  -3.462281e-05   6.864594e-04  -6.817031e-04  -6.424309e-04   6.144876e-04   4.561687e-05   3.849318e-06   2.822532e-05   2.822532e-05   2.822532e-05   2.822532e-05   2.775161e-05   2.775161e-05   2.775161e-05   2.775161e-05
   1.000000e-02   6.156084e-05  -2.109703e-04   2.066723e-03  -2.152528e-03  -2.076829e-03   2.049478e-03   2.429117e-04  -1.348829e-04   8.853285e-05   8.853285e-05   8.853285e-05   8.853285e-05   8.904367e-05   8.904367e-05   8.904367e-05   8.904367e-05
   1.000000e-01   6.014389e-04  -3.205747e-04   6.030037e-03  -6.816133e-03  -5.869698e-03   7.136431e-03   1.104142e-04   3.458965e-05   2.859783e-04   2.859783e-04   2.859783e-04   2.859783e-04   2.917862e-04   2.917862e-04   2.917862e-04   2.917862e-04
   62   62      17.000000       9.000000
    3
   1.000000e-03   1.188527e-06  -9.183636e-05   5.933636e-04  -6.726505e-04  -6.175939e-04   6.821080e-04   4.819265e-05  -6.538601e-05   2.786118e-05   2.786118e-05   2.786118e-05   2.786118e-05   2.755254e-05   2.755254e-05   2.755254e-05   2.755254e-05
   1.000000e-02  -5.517566e-05  -4.673190e-05   2.032105e-03  -1.979770e-03  -1.804237e-03   2.227571e-03   2.561798e-04  -5.660867e-05   8.767653e-05   8.767653e-05   8.767653e-05   8.767653e-05   8.879369e-05   8.879369e-05   8.879369e-05   8.879369e-05
   1.000000e-01   4.053930e-04  -4.898770e-04   6.012407e-03  -7.106265e-03  -6.060646e-03   7.522724e-03   5.098333e-04   4.074190e-04   2.847195e-04   2.847195e-04   2.847195e-04   2.847195e-04   2.940637e-04   2.940637e-04   2.940637e-04   2.940637e-04
   63   63      17.000000      13.000000
    3
   1.000000e-03   1.148219e-06   1.118679e-05   5.927135e-04  -6.503493e-04  -6.105236e-04   6.665781e-04   7.234569e-05  -4.046978e-05   2.737295e-05   2.737295e-05   2.737295e-05   2.737295e-05   2.718289e-05   2.718289e-05   2.718289e-05   2.718289e-05
   1.000000e-02  -5.496338e-05   3.813717e-05   1.922240e-03  -2.084963e-03  -2.028384e-03   2.160026e-03   2.536583e-04  -1.102560e-04   8.631094e-05   8.631094e-05   8.631094e-05   8.631094e-05   8.765130e-05   8.765130e-05   8.765130e-05   8.765130e-05
   1.000000e-01  -3.347955e-06   3.349431e-05   6.374291e-03  -6.570888e-03  -6.771543e-03   6.765045e-03   4.628112e-04  -1.233488e-04   2.798945e-04   2.798945e-04   2.798945e-04   2.798945e-04   2.900056e-04   2.900056e-04   2.900056e-04   2.900056e-04
   64   64      17.000000      17.000000
    3
   1.000000e-03   3.271868e-05  -8.712201e-05   6.049486e-04  -5.586359e-04  -6.137665e-04   6.362740e-04   5.583000e-05  -8.938011e-06   2.679478e-05   2.679478e-05   2.679478e-05   2.679478e-05   2.696565e-05   2.696565e-05   2.696565e-05   2.696565e-05
   1.000000e-02   3.209855e-05   1.379066e-05   1.911488e-03  -2.084367e-03  -2.065232e-03   1.976002e-03   2.298501e-04  -1.055027e-04   8.645498e-05   8.645498e-05   8.645498e-05   8.645498e-05   8.762230e-05   8.762230e-05   8.762230e-05   8.762230e-05
   1.000000e-01   5.866304e-04  -1.033088e-04   6.144219e-03  -7.488453e-03  -6.319967e-03   7.541362e-03   2.369876e-04   6.276214e-04   2.966191e-04   2.966191e-04   2.966191e-04   2.966191e-04   2.965428e-04   2.965428e-04   2.965428e-04   2.965428e-04
END
